0.0000	0.0000	0.0000	0.0000	0.0000	0.0000	5.6667e-04	5.6667e-04	1.0417e-02	4.9392e-05	5.4441e-04	2.2811e-04	0	0
0.0000	0.0000	0.0000	0.0000	0.0000	0.0000	4.9392e-05	5.4441e-04	2.2811e-04	2.7251e-05	1.6052e-04	5.3706e-05	0	0
0.0000	0.0000	0.0000	0.0000	0.0000	0.0000	2.7251e-05	1.6052e-04	5.3706e-05	2.1669e-05	1.2770e-04	4.2269e-05	0	0
0.0000	0.0000	0.0000	0.0000	0.0000	0.0000	2.1669e-05	1.2770e-04	4.2269e-05	1.8233e-05	1.0744e-04	3.5399e-05	0	0
0.0000	0.0000	0.0000	0.0000	0.0000	0.0000	1.8233e-05	1.0744e-04	3.5399e-05	1.5816e-05	9.3171e-05	3.0623e-05	0	0
0.0000	0.0000	0.0000	0.0000	0.0000	0.0000	1.5816e-05	9.3171e-05	3.0623e-05	1.3996e-05	8.2432e-05	2.7052e-05	0	0
0.0000	0.0000	0.0000	0.0000	0.0000	0.0000	1.3996e-05	8.2432e-05	2.7052e-05	1.2567e-05	7.3999e-05	2.4260e-05	0	0
0.0000	0.0000	0.0000	0.0000	0.0000	0.0000	1.2567e-05	7.3999e-05	2.4260e-05	1.1410e-05	6.7176e-05	2.2006e-05	0	0
0.0000	0.0000	0.0000	0.0000	0.0000	0.0000	1.1410e-05	6.7176e-05	2.2006e-05	1.0453e-05	6.1531e-05	2.0146e-05	0	0
0.0000	0.0000	0.0000	0.0000	0.0000	0.0000	1.0453e-05	6.1531e-05	2.0146e-05	9.6459e-06	5.6776e-05	1.8581e-05	0	0
0.0000	0.0000	0.0000	0.0000	0.0000	0.0000	9.6459e-06	5.6776e-05	1.8581e-05	8.9565e-06	5.2713e-05	1.7245e-05	0	0
0.0000	0.0000	0.0000	0.0000	0.0000	0.0000	8.9565e-06	5.2713e-05	1.7245e-05	8.3601e-06	4.9199e-05	1.6091e-05	0	0
0.0000	0.0000	0.0000	0.0000	0.0000	0.0000	8.3601e-06	4.9199e-05	1.6091e-05	7.8389e-06	4.6128e-05	1.5083e-05	0	0
0.0000	0.0000	0.0000	0.0000	0.0000	0.0000	7.8389e-06	4.6128e-05	1.5083e-05	7.3794e-06	4.3421e-05	1.4195e-05	0	0
0.0000	0.0000	0.0000	0.0000	0.0000	0.0000	7.3794e-06	4.3421e-05	1.4195e-05	6.9712e-06	4.1017e-05	1.3407e-05	0	0
0.0000	0.0000	0.0000	0.0000	0.0000	0.0000	6.9712e-06	4.1017e-05	1.3407e-05	6.6060e-06	3.8866e-05	1.2702e-05	0	0
0.0000	0.0000	0.0000	0.0000	0.0000	0.0000	6.6060e-06	3.8866e-05	1.2702e-05	6.2774e-06	3.6931e-05	1.2068e-05	0	0
0.0000	0.0000	0.0000	0.0000	0.0000	0.0000	6.2774e-06	3.6931e-05	1.2068e-05	5.9801e-06	3.5180e-05	1.1495e-05	0	0
0.0000	0.0000	0.0000	0.0000	0.0000	0.0000	5.9801e-06	3.5180e-05	1.1495e-05	5.7097e-06	3.3589e-05	1.0974e-05	0	0
0.0000	0.0000	0.0000	0.0000	0.0000	0.0000	5.7097e-06	3.3589e-05	1.0974e-05	5.4629e-06	3.2136e-05	1.0498e-05	0	0
0.0000	0.0000	0.0000	0.0000	0.0000	0.0000	5.4629e-06	3.2136e-05	1.0498e-05	5.2366e-06	3.0803e-05	1.0062e-05	0	0
0.0000	0.0000	0.0000	0.0000	0.0000	0.0000	5.2366e-06	3.0803e-05	1.0062e-05	5.0283e-06	2.9578e-05	9.6609e-06	0	0
0.0000	0.0000	0.0000	0.0000	0.0000	0.0000	5.0283e-06	2.9578e-05	9.6609e-06	4.8360e-06	2.8446e-05	9.2906e-06	0	0
0.0000	0.0000	0.0000	0.0000	0.0000	0.0000	4.8360e-06	2.8446e-05	9.2906e-06	4.6580e-06	2.7398e-05	8.9478e-06	0	0
0.0000	0.0000	0.0000	0.0000	0.0000	0.0000	4.6580e-06	2.7398e-05	8.9478e-06	4.4926e-06	2.6424e-05	8.6294e-06	0	0
0.0000	0.0000	0.0000	0.0000	0.0000	0.0000	4.4926e-06	2.6424e-05	8.6294e-06	4.3385e-06	2.5518e-05	8.3329e-06	0	0
0.0000	0.0000	0.0000	0.0000	0.0000	0.0000	4.3385e-06	2.5518e-05	8.3329e-06	4.1947e-06	2.4672e-05	8.0562e-06	0	0
0.0000	0.0000	0.0000	0.0000	0.0000	0.0000	4.1947e-06	2.4672e-05	8.0562e-06	4.0602e-06	2.3880e-05	7.7973e-06	0	0
0.0000	0.0000	0.0000	0.0000	0.0000	0.0000	4.0602e-06	2.3880e-05	7.7973e-06	3.9340e-06	2.3137e-05	7.5546e-06	0	0
0.0000	0.0000	0.0000	0.0000	0.0000	0.0000	3.9340e-06	2.3137e-05	7.5546e-06	3.8155e-06	2.2440e-05	7.3265e-06	0	0
0.0000	0.0000	0.0000	0.0000	0.0000	0.0000	3.8155e-06	2.2440e-05	7.3265e-06	3.7039e-06	2.1783e-05	7.1119e-06	0	0
0.0000	0.0000	0.0000	0.0000	0.0000	0.0000	3.7039e-06	2.1783e-05	7.1119e-06	3.5986e-06	2.1164e-05	6.9095e-06	0	0
0.0000	0.0000	0.0000	0.0000	0.0000	0.0000	3.5986e-06	2.1164e-05	6.9095e-06	3.4992e-06	2.0579e-05	6.7183e-06	0	0
0.0000	0.0000	0.0000	0.0000	0.0000	0.0000	3.4992e-06	2.0579e-05	6.7183e-06	3.4051e-06	2.0025e-05	6.5374e-06	0	0
0.0000	0.0000	0.0000	0.0000	0.0000	0.0000	3.4051e-06	2.0025e-05	6.5374e-06	3.3159e-06	1.9501e-05	6.3660e-06	0	0
0.0000	0.0000	0.0000	0.0000	0.0000	0.0000	3.3159e-06	1.9501e-05	6.3660e-06	3.2314e-06	1.9003e-05	6.2033e-06	0	0
0.0000	0.0000	0.0000	0.0000	0.0000	0.0000	3.2314e-06	1.9003e-05	6.2033e-06	3.1510e-06	1.8530e-05	6.0488e-06	0	0
0.0000	0.0000	0.0000	0.0000	0.0000	0.0000	3.1510e-06	1.8530e-05	6.0488e-06	3.0745e-06	1.8080e-05	5.9018e-06	0	0
0.0000	0.0000	0.0000	0.0000	0.0000	0.0000	3.0745e-06	1.8080e-05	5.9018e-06	3.0017e-06	1.7652e-05	5.7618e-06	0	0
0.0000	0.0000	0.0000	0.0000	0.0000	0.0000	3.0017e-06	1.7652e-05	5.7618e-06	2.9322e-06	1.7243e-05	5.6283e-06	0	0
0.0000	0.0000	0.0000	0.0000	0.0000	0.0000	2.9322e-06	1.7243e-05	5.6283e-06	2.8659e-06	1.6853e-05	5.5008e-06	0	0
0.0000	0.0000	0.0000	0.0000	0.0000	0.0000	2.8659e-06	1.6853e-05	5.5008e-06	2.8025e-06	1.6480e-05	5.3790e-06	0	0
0.0000	0.0000	0.0000	0.0000	0.0000	0.0000	2.8025e-06	1.6480e-05	5.3790e-06	2.7418e-06	1.6123e-05	5.2625e-06	0	0
0.0000	0.0000	0.0000	0.0000	0.0000	0.0000	2.7418e-06	1.6123e-05	5.2625e-06	2.6838e-06	1.5781e-05	5.1509e-06	0	0
0.0000	0.0000	0.0000	0.0000	0.0000	0.0000	2.6838e-06	1.5781e-05	5.1509e-06	2.6281e-06	1.5454e-05	5.0440e-06	0	0
0.0000	0.0000	0.0000	0.0000	0.0000	0.0000	2.6281e-06	1.5454e-05	5.0440e-06	2.5747e-06	1.5140e-05	4.9414e-06	0	0
0.0000	0.0000	0.0000	0.0000	0.0000	0.0000	2.5747e-06	1.5140e-05	4.9414e-06	2.5234e-06	1.4838e-05	4.8429e-06	0	0
0.0000	0.0000	0.0000	0.0000	0.0000	0.0000	2.5234e-06	1.4838e-05	4.8429e-06	2.4742e-06	1.4549e-05	4.7482e-06	0	0
0.0000	0.0000	0.0000	0.0000	0.0000	0.0000	2.4742e-06	1.4549e-05	4.7482e-06	2.4268e-06	1.4270e-05	4.6572e-06	0	0
0.0000	0.0000	0.0000	0.0000	0.0000	0.0000	2.4268e-06	1.4270e-05	4.6572e-06	2.3812e-06	1.4002e-05	4.5696e-06	0	0
0.0000	0.0000	0.0000	0.0000	0.0000	0.0000	2.3812e-06	1.4002e-05	4.5696e-06	2.3373e-06	1.3743e-05	4.4853e-06	0	0
0.0000	0.0000	0.0000	0.0000	0.0000	0.0000	2.3373e-06	1.3743e-05	4.4853e-06	2.2949e-06	1.3494e-05	4.4040e-06	0	0
0.0000	0.0000	0.0000	0.0000	0.0000	0.0000	2.2949e-06	1.3494e-05	4.4040e-06	2.2541e-06	1.3254e-05	4.3256e-06	0	0
0.0000	0.0000	0.0000	0.0000	0.0000	0.0000	2.2541e-06	1.3254e-05	4.3256e-06	2.2147e-06	1.3023e-05	4.2499e-06	0	0
0.0000	0.0000	0.0000	0.0000	0.0000	0.0000	2.2147e-06	1.3023e-05	4.2499e-06	2.1767e-06	1.2799e-05	4.1769e-06	0	0
0.0000	0.0000	0.0000	0.0000	0.0000	0.0000	2.1767e-06	1.2799e-05	4.1769e-06	2.1400e-06	1.2583e-05	4.1063e-06	0	0
0.0000	0.0000	0.0000	0.0000	0.0000	0.0000	2.1400e-06	1.2583e-05	4.1063e-06	2.1044e-06	1.2374e-05	4.0381e-06	0	0
0.0000	0.0000	0.0000	0.0000	0.0000	0.0000	2.1044e-06	1.2374e-05	4.0381e-06	2.0701e-06	1.2172e-05	3.9721e-06	0	0
0.0000	0.0000	0.0000	0.0000	0.0000	0.0000	2.0701e-06	1.2172e-05	3.9721e-06	2.0368e-06	1.1976e-05	3.9082e-06	0	0
0.0000	0.0000	0.0000	0.0000	0.0000	0.0000	2.0368e-06	1.1976e-05	3.9082e-06	2.0046e-06	1.1787e-05	3.8463e-06	0	0
0.0000	0.0000	0.0000	0.0000	0.0000	0.0000	2.0046e-06	1.1787e-05	3.8463e-06	1.9734e-06	1.1603e-05	3.7864e-06	0	0
0.0000	0.0000	0.0000	0.0000	0.0000	0.0000	1.9734e-06	1.1603e-05	3.7864e-06	1.9431e-06	1.1425e-05	3.7283e-06	0	0
0.0000	0.0000	0.0000	0.0000	0.0000	0.0000	1.9431e-06	1.1425e-05	3.7283e-06	1.9138e-06	1.1253e-05	3.6720e-06	0	0
0.0000	0.0000	0.0000	0.0000	0.0000	0.0000	1.9138e-06	1.1253e-05	3.6720e-06	1.8853e-06	1.1085e-05	3.6173e-06	0	0
0.0000	0.0000	0.0000	0.0000	0.0000	0.0000	1.8853e-06	1.1085e-05	3.6173e-06	1.8577e-06	1.0923e-05	3.5643e-06	0	0
0.0000	0.0000	0.0000	0.0000	0.0000	0.0000	1.8577e-06	1.0923e-05	3.5643e-06	1.8309e-06	1.0765e-05	3.5128e-06	0	0
