1.724383	 -0.501782
1.724383	 -0.501782
1.724383	 -0.501782
1.724383	 -0.501782
1.728880	 -0.486084
1.728880	 -0.486084
1.728880	 -0.486084
1.728880	 -0.486084
1.728880	 -0.486084
1.728880	 -0.486084
1.728880	 -0.517480
1.728880	 -0.517480
1.728880	 -0.517480
1.728880	 -0.517480
1.728880	 -0.517480
1.728880	 -0.517480
1.728880	 -0.517480
1.728880	 -0.486084
1.728880	 -0.486084
1.728880	 -0.486084
1.728880	 -0.486084
1.728880	 -0.486084
1.728880	 -0.486084
1.724383	 -0.501782
1.724383	 -0.501782
1.724383	 -0.501782
1.724383	 -0.501782
1.724383	 -0.501782
1.724383	 -0.501782
1.728880	 -0.517480
1.728880	 -0.517480
1.728880	 -0.517480
1.728880	 -0.517480
1.728880	 -0.517480
1.728880	 -0.517480
1.724383	 -0.501782
1.724383	 -0.501782
1.724383	 -0.501782
1.724383	 -0.501782
1.724383	 -0.501782
1.724383	 -0.501782
1.724383	 -0.501782
1.724383	 -0.501782
1.724383	 -0.501782
1.724383	 -0.501782
1.724383	 -0.501782
1.724383	 -0.501782
1.724383	 -0.501782
1.724383	 -0.501782
1.724383	 -0.501782
1.724383	 -0.501782
1.724383	 -0.501782
1.724383	 -0.501782
1.724383	 -0.501782
1.724383	 -0.501782
1.724383	 -0.501782
1.724383	 -0.501782
1.724383	 -0.501782
1.724383	 -0.501782
1.724383	 -0.501782
1.724383	 -0.501782
1.724383	 -0.501782
1.724383	 -0.501782
1.733376	 -0.501782
1.733376	 -0.501782
1.733376	 -0.501782
1.733376	 -0.501782
1.733376	 -0.501782
1.733376	 -0.501782
1.733376	 -0.501782
1.723384	 -0.498271
1.723384	 -0.498271
1.723384	 -0.498271
1.723384	 -0.498271
1.723384	 -0.498271
1.723384	 -0.498271
1.724383	 -0.501782
1.724383	 -0.501782
1.724383	 -0.501782
1.724383	 -0.501782
1.724383	 -0.501782
1.724383	 -0.501782
1.724383	 -0.501782
1.724383	 -0.501782
1.724383	 -0.501782
1.724383	 -0.501782
1.724383	 -0.501782
1.724383	 -0.501782
1.724383	 -0.501782
1.724383	 -0.501782
1.724383	 -0.501782
1.724383	 -0.501782
1.724383	 -0.501782
1.724383	 -0.501782
1.724383	 -0.501782
1.724383	 -0.501782
1.724383	 -0.501782
1.724383	 -0.501782
1.728880	 -0.486084
1.728880	 -0.486084
1.728880	 -0.486084
1.728880	 -0.486084
1.728880	 -0.486084
1.728880	 -0.486084
1.724383	 -0.501782
1.724383	 -0.501782
1.724383	 -0.501782
1.724383	 -0.501782
1.724383	 -0.501782
1.724383	 -0.501782
1.724383	 -0.501782
1.724383	 -0.501782
1.724383	 -0.501782
1.724383	 -0.501782
1.724383	 -0.501782
1.724383	 -0.501782
1.724383	 -0.501782
1.724383	 -0.501782
1.724383	 -0.501782
1.724383	 -0.501782
1.724383	 -0.501782
1.724383	 -0.501782
1.724383	 -0.501782
1.724383	 -0.501782
1.724383	 -0.501782
1.724383	 -0.501782
1.724383	 -0.501782
1.724383	 -0.501782
1.724383	 -0.501782
1.724383	 -0.501782
1.724383	 -0.501782
1.724383	 -0.501782
1.724383	 -0.501782
1.724383	 -0.501782
1.724383	 -0.501782
1.724383	 -0.501782
1.724383	 -0.501782
1.724383	 -0.501782
1.724383	 -0.501782
1.724383	 -0.501782
1.724383	 -0.501782
1.724383	 -0.501782
1.724383	 -0.501782
1.724383	 -0.501782
1.724383	 -0.501782
1.726381	 -0.501782
1.726381	 -0.501782
1.726381	 -0.501782
1.726381	 -0.501782
1.726381	 -0.501782
1.726381	 -0.501782
1.726381	 -0.501782
1.726381	 -0.501782
1.726381	 -0.501782
1.726381	 -0.501782
1.726381	 -0.501782
1.726381	 -0.501782
1.726381	 -0.501782
1.726381	 -0.501782
1.726381	 -0.501782
1.726381	 -0.501782
1.726381	 -0.501782
1.726381	 -0.501782
1.726381	 -0.501782
1.726381	 -0.501782
1.726381	 -0.501782
1.726381	 -0.501782
1.726381	 -0.501782
1.726381	 -0.501782
1.726381	 -0.501782
1.726381	 -0.501782
1.726381	 -0.501782
1.726381	 -0.501782
1.726381	 -0.501782
1.726381	 -0.501782
1.726381	 -0.501782
1.726381	 -0.501782
1.726381	 -0.501782
1.726381	 -0.501782
1.726381	 -0.501782
1.726381	 -0.501782
1.726381	 -0.501782
1.726381	 -0.501782
1.726381	 -0.501782
1.726381	 -0.501782
1.726381	 -0.501782
1.726381	 -0.501782
1.726381	 -0.501782
1.726381	 -0.501782
1.726381	 -0.501782
1.726381	 -0.501782
1.726381	 -0.501782
1.726381	 -0.501782
1.726381	 -0.501782
1.726381	 -0.501782
1.726381	 -0.501782
1.726381	 -0.501782
1.726381	 -0.501782
1.726381	 -0.501782
1.726381	 -0.501782
1.726381	 -0.501782
1.726381	 -0.501782
1.726381	 -0.501782
1.726381	 -0.501782
1.726381	 -0.501782
1.726381	 -0.501782
1.726381	 -0.501782
1.726381	 -0.501782
1.726381	 -0.501782
1.726381	 -0.501782
1.726381	 -0.501782
1.726381	 -0.501782
1.726381	 -0.501782
1.726381	 -0.501782
1.726381	 -0.501782
1.726381	 -0.501782
1.726381	 -0.501782
1.726381	 -0.501782
1.726381	 -0.501782
1.726381	 -0.501782
1.726381	 -0.501782
1.726381	 -0.501782
1.726381	 -0.501782
1.730379	 -0.501782
1.730379	 -0.501782
1.730379	 -0.501782
1.730379	 -0.501782
1.730379	 -0.501782
1.730379	 -0.501782
1.730379	 -0.501782
1.730379	 -0.501782
1.730379	 -0.501782
1.730379	 -0.501782
1.730379	 -0.501782
1.730379	 -0.501782
1.730379	 -0.501782
1.730379	 -0.501782
1.730379	 -0.501782
1.730379	 -0.501782
1.730379	 -0.501782
1.730379	 -0.501782
1.730379	 -0.501782
1.730379	 -0.501782
1.730379	 -0.501782
1.730379	 -0.501782
1.729879	 -0.500040
1.729879	 -0.500040
1.729879	 -0.500040
1.729879	 -0.500040
1.729879	 -0.500040
1.729879	 -0.500040
1.730379	 -0.501782
1.730379	 -0.501782
1.730379	 -0.501782
1.730379	 -0.501782
1.730379	 -0.501782
1.730379	 -0.501782
1.730379	 -0.501782
1.730379	 -0.501782
1.730379	 -0.501782
1.730379	 -0.501782
1.730379	 -0.501782
1.730379	 -0.501782
1.730379	 -0.501782
1.730379	 -0.501782
1.730379	 -0.501782
1.730379	 -0.501782
1.730379	 -0.501782
1.730379	 -0.501782
1.730379	 -0.501782
1.730379	 -0.501782
1.730379	 -0.501782
1.730379	 -0.501782
1.730379	 -0.501782
1.730379	 -0.501782
1.730379	 -0.501782
1.730379	 -0.501782
1.730379	 -0.501782
1.730379	 -0.501782
1.730379	 -0.501782
1.730379	 -0.501782
1.730379	 -0.501782
1.731378	 -0.501782
1.731378	 -0.501782
1.731378	 -0.501782
1.731378	 -0.501782
1.731378	 -0.501782
1.731378	 -0.501782
1.731378	 -0.501782
1.731378	 -0.501782
1.731378	 -0.501782
1.731378	 -0.501782
1.731378	 -0.501782
1.731378	 -0.501782
1.731378	 -0.501782
1.731378	 -0.501782
1.731378	 -0.501782
1.731378	 -0.501782
1.731378	 -0.501782
1.731378	 -0.501782
1.731378	 -0.501782
1.731378	 -0.501782
1.731378	 -0.501782
1.731378	 -0.501782
1.731378	 -0.501782
1.731378	 -0.501782
1.731378	 -0.501782
1.731378	 -0.501782
1.731378	 -0.501782
1.731378	 -0.501782
1.731378	 -0.501782
1.731378	 -0.501782
1.731378	 -0.501782
1.731378	 -0.501782
1.731378	 -0.501782
1.731378	 -0.501782
1.731378	 -0.501782
1.731378	 -0.501782
1.731378	 -0.501782
1.731378	 -0.501782
1.731378	 -0.501782
1.731378	 -0.501782
1.731378	 -0.501782
1.731378	 -0.501782
1.731378	 -0.501782
1.731378	 -0.501782
1.731378	 -0.501782
1.731378	 -0.501782
1.731378	 -0.501782
1.731378	 -0.501782
1.731378	 -0.501782
1.731378	 -0.501782
1.731378	 -0.501782
1.731378	 -0.501782
1.731378	 -0.501782
1.731378	 -0.501782
1.731378	 -0.501782
1.731378	 -0.501782
1.731378	 -0.501782
1.731378	 -0.501782
1.731378	 -0.501782
1.731378	 -0.501782
1.731378	 -0.501782
1.731378	 -0.501782
1.731378	 -0.501782
1.731378	 -0.501782
1.731378	 -0.501782
1.731378	 -0.501782
1.731378	 -0.501782
1.731378	 -0.501782
1.731378	 -0.501782
1.731378	 -0.501782
1.731378	 -0.501782
1.731378	 -0.501782
1.731378	 -0.501782
1.731378	 -0.501782
1.731378	 -0.501782
1.731378	 -0.501782
1.731378	 -0.501782
1.731378	 -0.501782
1.731378	 -0.501782
1.731378	 -0.501782
1.731378	 -0.501782
1.731378	 -0.501782
1.731378	 -0.501782
1.731378	 -0.501782
1.731378	 -0.501782
1.731378	 -0.501782
1.731378	 -0.501782
1.731378	 -0.501782
1.731378	 -0.501782
1.731378	 -0.501782
1.731378	 -0.501782
1.731378	 -0.501782
1.731378	 -0.501782
1.731378	 -0.501782
1.731378	 -0.501782
1.731378	 -0.501782
1.731378	 -0.501782
1.731378	 -0.501782
1.731378	 -0.501782
1.731378	 -0.501782
1.726881	 -0.486047
1.726881	 -0.486047
1.726881	 -0.486047
1.726881	 -0.486047
1.726881	 -0.486047
1.726881	 -0.486047
1.731378	 -0.501782
1.731378	 -0.501782
1.731378	 -0.501782
1.731378	 -0.501782
1.731378	 -0.501782
1.731378	 -0.501782
1.731378	 -0.501782
1.731378	 -0.501782
1.731378	 -0.501782
1.726881	 -0.486047
1.726881	 -0.486047
1.726881	 -0.486047
1.726881	 -0.486047
1.726881	 -0.486047
1.726881	 -0.486047
1.732377	 -0.501782
1.732377	 -0.501782
1.732377	 -0.501782
1.732377	 -0.501782
1.732377	 -0.501782
1.732377	 -0.501782
1.727381	 -0.515761
1.727381	 -0.515761
1.727381	 -0.515761
1.727381	 -0.515761
1.727381	 -0.515761
1.727381	 -0.515761
1.727381	 -0.515761
1.731877	 -0.500044
1.731877	 -0.500044
1.731877	 -0.500044
1.731877	 -0.500044
1.731877	 -0.500044
1.731877	 -0.500044
1.732377	 -0.501782
1.732377	 -0.501782
1.732377	 -0.501782
1.732377	 -0.501782
1.732377	 -0.501782
1.732377	 -0.501782
1.732377	 -0.501782
1.732377	 -0.501782
1.732377	 -0.501782
1.732377	 -0.501782
1.732377	 -0.501782
1.732377	 -0.501782
1.732377	 -0.501782
1.732377	 -0.501782
1.732377	 -0.501782
1.732377	 -0.501782
1.732377	 -0.501782
1.732377	 -0.501782
1.732377	 -0.501782
1.732377	 -0.501782
1.732377	 -0.501782
1.732377	 -0.501782
1.732377	 -0.501782
1.732377	 -0.501782
1.732377	 -0.501782
1.732377	 -0.501782
1.732377	 -0.501782
1.732377	 -0.501782
1.732377	 -0.501782
1.732377	 -0.501782
1.732377	 -0.501782
1.732377	 -0.501782
1.732377	 -0.501782
1.732377	 -0.501782
1.727880	 -0.486066
1.727880	 -0.486066
1.727880	 -0.486066
1.727880	 -0.486066
1.727880	 -0.486066
1.727880	 -0.486066
1.727880	 -0.486066
1.727880	 -0.486066
1.727880	 -0.486066
1.727880	 -0.486066
1.727880	 -0.486066
1.727880	 -0.486066
1.727880	 -0.486066
1.727880	 -0.486066
1.727880	 -0.486066
1.727880	 -0.486066
1.727880	 -0.486066
1.727880	 -0.486066
1.727880	 -0.486066
1.727880	 -0.486066
1.727880	 -0.486066
1.727880	 -0.486066
1.727880	 -0.486066
1.727880	 -0.486066
1.727880	 -0.486066
1.727880	 -0.517499
1.727880	 -0.517499
1.727880	 -0.517499
1.727880	 -0.517499
1.727880	 -0.517499
1.727880	 -0.517499
1.727880	 -0.517499
1.727880	 -0.517499
1.727880	 -0.517499
1.727880	 -0.517499
1.727880	 -0.517499
1.727880	 -0.517499
1.727880	 -0.517499
1.727880	 -0.517499
1.727880	 -0.517499
1.723384	 -0.501782
1.723384	 -0.501782
1.723384	 -0.501782
1.723384	 -0.501782
1.723384	 -0.501782
1.723384	 -0.501782
1.723384	 -0.501782
1.728880	 -0.517480
1.728880	 -0.517480
1.728880	 -0.517480
1.728880	 -0.517480
1.728880	 -0.517480
1.728880	 -0.517480
1.724383	 -0.501782
1.724383	 -0.501782
1.724383	 -0.501782
1.724383	 -0.501782
1.724383	 -0.501782
1.724383	 -0.501782
1.724383	 -0.501782
1.724383	 -0.501782
1.724383	 -0.501782
1.724383	 -0.501782
1.724383	 -0.501782
1.724383	 -0.501782
1.724383	 -0.501782
1.724383	 -0.501782
1.724383	 -0.501782
1.724383	 -0.501782
1.724383	 -0.501782
1.724383	 -0.501782
1.724383	 -0.501782
1.724383	 -0.501782
1.724383	 -0.501782
1.724383	 -0.501782
1.724383	 -0.501782
1.724383	 -0.501782
1.724383	 -0.501782
1.724383	 -0.501782
1.724383	 -0.501782
1.724383	 -0.501782
1.724383	 -0.501782
1.724383	 -0.501782
1.724383	 -0.501782
1.724383	 -0.501782
1.724383	 -0.501782
1.724383	 -0.501782
1.724383	 -0.501782
1.724383	 -0.501782
1.724383	 -0.501782
1.724383	 -0.501782
1.724383	 -0.501782
1.724383	 -0.501782
1.728880	 -0.486084
1.728880	 -0.486084
1.728880	 -0.486084
1.728880	 -0.486084
1.728880	 -0.486084
1.728880	 -0.486084
1.728880	 -0.486084
1.728880	 -0.486084
1.728880	 -0.486084
1.728880	 -0.486084
1.728880	 -0.486084
1.728880	 -0.486084
1.728880	 -0.486084
1.724383	 -0.501782
1.724383	 -0.501782
1.724383	 -0.501782
1.724383	 -0.501782
1.724383	 -0.501782
1.724383	 -0.501782
1.724383	 -0.501782
1.724383	 -0.501782
1.724383	 -0.501782
1.724383	 -0.501782
1.724383	 -0.501782
1.724383	 -0.501782
1.724383	 -0.501782
1.724383	 -0.501782
1.724383	 -0.501782
1.724383	 -0.501782
1.724383	 -0.501782
1.724383	 -0.501782
1.724383	 -0.501782
1.724383	 -0.501782
1.724383	 -0.501782
1.724383	 -0.501782
1.724383	 -0.501782
1.724383	 -0.501782
1.724383	 -0.501782
1.724383	 -0.501782
1.724383	 -0.501782
1.724383	 -0.501782
1.724383	 -0.501782
1.724383	 -0.501782
1.724383	 -0.501782
1.724383	 -0.501782
1.724383	 -0.501782
1.724383	 -0.501782
1.724383	 -0.501782
1.724383	 -0.501782
1.724383	 -0.501782
1.724383	 -0.501782
1.724383	 -0.501782
1.724383	 -0.501782
1.724383	 -0.501782
1.724383	 -0.501782
1.724383	 -0.501782
1.724383	 -0.501782
1.724383	 -0.501782
1.724383	 -0.501782
1.724383	 -0.501782
1.724383	 -0.501782
1.724383	 -0.501782
1.724383	 -0.501782
1.724383	 -0.501782
1.724383	 -0.501782
1.724383	 -0.501782
1.724383	 -0.501782
1.724383	 -0.501782
1.724383	 -0.501782
1.724383	 -0.501782
1.724383	 -0.501782
1.724383	 -0.501782
1.724383	 -0.501782
1.724383	 -0.501782
1.724383	 -0.501782
1.724383	 -0.501782
1.724383	 -0.501782
1.724383	 -0.501782
1.725382	 -0.501782
1.725382	 -0.501782
1.725382	 -0.501782
1.725382	 -0.501782
1.725382	 -0.501782
1.725382	 -0.501782
1.725382	 -0.501782
1.725382	 -0.501782
1.725382	 -0.501782
1.725382	 -0.501782
1.725382	 -0.501782
1.725382	 -0.501782
1.725382	 -0.501782
1.725382	 -0.501782
1.725382	 -0.501782
1.729879	 -0.517461
1.729879	 -0.517461
1.729879	 -0.517461
1.729879	 -0.517461
1.729879	 -0.517461
1.729879	 -0.517461
1.729879	 -0.517461
1.725382	 -0.501782
1.725382	 -0.501782
1.725382	 -0.501782
1.725382	 -0.501782
1.725382	 -0.501782
1.725382	 -0.501782
1.725382	 -0.501782
1.725382	 -0.501782
1.725382	 -0.501782
1.725382	 -0.501782
1.725382	 -0.501782
1.725382	 -0.501782
1.725382	 -0.501782
1.725382	 -0.501782
1.725382	 -0.501782
1.725382	 -0.501782
1.725382	 -0.501782
1.725382	 -0.501782
1.721385	 -0.515861
1.721385	 -0.515861
1.721385	 -0.515861
1.721385	 -0.515861
1.721385	 -0.515861
1.721385	 -0.515861
1.721385	 -0.515861
1.725382	 -0.501782
1.725382	 -0.501782
1.725382	 -0.501782
1.725382	 -0.501782
1.725382	 -0.501782
1.725382	 -0.501782
1.725382	 -0.501782
1.725382	 -0.501782
1.725382	 -0.501782
1.725382	 -0.501782
1.725382	 -0.501782
1.725382	 -0.501782
1.730878	 -0.517443
1.730878	 -0.517443
1.730878	 -0.517443
1.730878	 -0.517443
1.730878	 -0.517443
1.730878	 -0.517443
1.730878	 -0.517443
1.730878	 -0.517443
1.730878	 -0.517443
1.726381	 -0.501782
1.726381	 -0.501782
1.726381	 -0.501782
1.726381	 -0.501782
1.726381	 -0.501782
1.726381	 -0.501782
1.726381	 -0.501782
1.726381	 -0.501782
1.726381	 -0.501782
1.726381	 -0.501782
1.726381	 -0.501782
1.726381	 -0.501782
1.726381	 -0.501782
1.728380	 -0.501782
1.728380	 -0.501782
1.728380	 -0.501782
1.728380	 -0.501782
1.728380	 -0.501782
1.728380	 -0.501782
1.728380	 -0.501782
1.728380	 -0.501782
1.728380	 -0.501782
1.728380	 -0.501782
1.728380	 -0.501782
1.728380	 -0.501782
1.728380	 -0.501782
1.728380	 -0.501782
1.728380	 -0.501782
1.728380	 -0.501782
1.728380	 -0.501782
1.728380	 -0.501782
1.728380	 -0.501782
1.728380	 -0.501782
1.728380	 -0.501782
1.728380	 -0.501782
1.728380	 -0.501782
1.728380	 -0.501782
1.728380	 -0.501782
1.728380	 -0.501782
1.728380	 -0.501782
1.728380	 -0.501782
1.728380	 -0.501782
1.728380	 -0.501782
1.728380	 -0.501782
1.728380	 -0.501782
1.728380	 -0.501782
1.728380	 -0.501782
1.728380	 -0.501782
1.728380	 -0.501782
1.728380	 -0.501782
1.728380	 -0.501782
1.728380	 -0.501782
1.728380	 -0.501782
1.728380	 -0.501782
1.728380	 -0.501782
1.728380	 -0.501782
1.728380	 -0.501782
1.728380	 -0.501782
1.728380	 -0.501782
1.728380	 -0.501782
1.728380	 -0.501782
1.728380	 -0.501782
1.728380	 -0.501782
1.728380	 -0.501782
1.728380	 -0.501782
1.728380	 -0.501782
1.728380	 -0.501782
1.728380	 -0.501782
1.728380	 -0.501782
1.728380	 -0.501782
1.728380	 -0.501782
1.728380	 -0.501782
1.728380	 -0.501782
1.728380	 -0.501782
1.728380	 -0.501782
1.728380	 -0.501782
1.728380	 -0.501782
1.723883	 -0.485991
1.723883	 -0.485991
1.723883	 -0.485991
1.723883	 -0.485991
1.723883	 -0.485991
1.723883	 -0.485991
1.723883	 -0.485991
1.727880	 -0.500036
1.727880	 -0.500036
1.727880	 -0.500036
1.727880	 -0.500036
1.727880	 -0.500036
1.727880	 -0.500036
1.728380	 -0.501782
1.728380	 -0.501782
1.728380	 -0.501782
1.728380	 -0.501782
1.728380	 -0.501782
1.728380	 -0.501782
1.728380	 -0.501782
1.728380	 -0.501782
1.728380	 -0.501782
1.728380	 -0.501782
1.728380	 -0.501782
1.728380	 -0.501782
1.728380	 -0.501782
1.728380	 -0.501782
1.728380	 -0.501782
1.728380	 -0.501782
1.728380	 -0.501782
1.728380	 -0.501782
1.728380	 -0.501782
1.728380	 -0.501782
1.728380	 -0.501782
1.728380	 -0.501782
1.729379	 -0.501782
1.729379	 -0.501782
1.729379	 -0.501782
1.729379	 -0.501782
1.729379	 -0.501782
1.729379	 -0.501782
1.729379	 -0.501782
1.729379	 -0.501782
1.729379	 -0.501782
1.729379	 -0.501782
1.729379	 -0.501782
1.729379	 -0.501782
1.729379	 -0.501782
1.729379	 -0.501782
1.729379	 -0.501782
1.729379	 -0.501782
1.729379	 -0.501782
1.729379	 -0.501782
1.729379	 -0.501782
1.729379	 -0.501782
1.729379	 -0.501782
1.729379	 -0.501782
1.729379	 -0.501782
1.729379	 -0.501782
1.729379	 -0.501782
1.729379	 -0.501782
1.729379	 -0.501782
1.729379	 -0.501782
1.729379	 -0.501782
1.729379	 -0.501782
1.729379	 -0.501782
1.729379	 -0.501782
1.729379	 -0.501782
1.729379	 -0.501782
1.729879	 -0.503524
1.729879	 -0.503524
1.729879	 -0.503524
1.729879	 -0.503524
1.729879	 -0.503524
1.729879	 -0.503524
1.730379	 -0.501782
1.730379	 -0.501782
1.730379	 -0.501782
1.730379	 -0.501782
1.730379	 -0.501782
1.730379	 -0.501782
1.730379	 -0.501782
1.730379	 -0.501782
1.730379	 -0.501782
1.730379	 -0.501782
1.730379	 -0.501782
1.730379	 -0.501782
1.730379	 -0.501782
1.730379	 -0.501782
1.730379	 -0.501782
1.730379	 -0.501782
1.730379	 -0.501782
1.730379	 -0.501782
1.730379	 -0.501782
1.730379	 -0.501782
1.730379	 -0.501782
1.730379	 -0.501782
1.730379	 -0.501782
1.730379	 -0.501782
1.730379	 -0.501782
1.730379	 -0.501782
1.730379	 -0.501782
1.730379	 -0.501782
1.730379	 -0.501782
1.730379	 -0.501782
1.730379	 -0.501782
1.730379	 -0.501782
1.730379	 -0.501782
1.730379	 -0.501782
1.730379	 -0.501782
1.730379	 -0.501782
1.730379	 -0.501782
1.730379	 -0.501782
1.730379	 -0.501782
1.730379	 -0.501782
1.730379	 -0.501782
1.730379	 -0.501782
1.730379	 -0.501782
1.730379	 -0.501782
1.730379	 -0.501782
1.730379	 -0.501782
1.730379	 -0.501782
1.730379	 -0.501782
1.730379	 -0.501782
1.730379	 -0.501782
1.730379	 -0.501782
1.730379	 -0.501782
1.730379	 -0.501782
1.725882	 -0.517536
1.725882	 -0.517536
1.725882	 -0.517536
1.725882	 -0.517536
1.725882	 -0.517536
1.725882	 -0.517536
1.731378	 -0.501782
1.731378	 -0.501782
1.731378	 -0.501782
1.731378	 -0.501782
1.731378	 -0.501782
1.731378	 -0.501782
1.731378	 -0.501782
1.731378	 -0.501782
1.731378	 -0.501782
1.731378	 -0.501782
1.731378	 -0.501782
1.731378	 -0.501782
1.731378	 -0.501782
1.731378	 -0.501782
1.731378	 -0.501782
1.731378	 -0.501782
1.731378	 -0.501782
1.731378	 -0.501782
1.731378	 -0.501782
1.731378	 -0.501782
1.731378	 -0.501782
1.731378	 -0.501782
1.731378	 -0.501782
1.731378	 -0.501782
1.731378	 -0.501782
1.731378	 -0.501782
1.731378	 -0.501782
1.731378	 -0.501782
1.731378	 -0.501782
1.731378	 -0.501782
1.731378	 -0.501782
1.731378	 -0.501782
1.731378	 -0.501782
1.731378	 -0.501782
1.731378	 -0.501782
1.731378	 -0.501782
1.731378	 -0.501782
1.731378	 -0.501782
1.731378	 -0.501782
1.731378	 -0.501782
1.731378	 -0.501782
1.731378	 -0.501782
1.731378	 -0.501782
1.731378	 -0.501782
1.731378	 -0.501782
1.731378	 -0.501782
1.731378	 -0.501782
1.726881	 -0.486047
1.726881	 -0.486047
1.726881	 -0.486047
1.726881	 -0.486047
1.726881	 -0.486047
1.726881	 -0.486047
1.726881	 -0.517517
1.726881	 -0.517517
1.726881	 -0.517517
1.726881	 -0.517517
1.726881	 -0.517517
1.726881	 -0.517517
1.722384	 -0.501782
1.722384	 -0.501782
1.722384	 -0.501782
1.722384	 -0.501782
1.722384	 -0.501782
1.722384	 -0.501782
1.731378	 -0.501782
1.731378	 -0.501782
1.731378	 -0.501782
1.731378	 -0.501782
1.731378	 -0.501782
1.731378	 -0.501782
1.731378	 -0.501782
1.726881	 -0.517517
1.726881	 -0.517517
1.726881	 -0.517517
1.726881	 -0.517517
1.726881	 -0.517517
1.726881	 -0.517517
1.726881	 -0.517517
1.726881	 -0.517517
1.726881	 -0.517517
1.726881	 -0.517517
1.726881	 -0.517517
1.726881	 -0.517517
1.726881	 -0.517517
1.726881	 -0.517517
1.726881	 -0.517517
1.722384	 -0.501782
1.722384	 -0.501782
1.722384	 -0.501782
1.722384	 -0.501782
1.722384	 -0.501782
1.722384	 -0.501782
1.731378	 -0.501782
1.731378	 -0.501782
1.731378	 -0.501782
1.731378	 -0.501782
1.731378	 -0.501782
1.731378	 -0.501782
1.731378	 -0.501782
1.726881	 -0.486047
1.726881	 -0.486047
1.726881	 -0.486047
1.726881	 -0.486047
1.726881	 -0.486047
1.726881	 -0.486047
1.726881	 -0.517517
1.726881	 -0.517517
1.726881	 -0.517517
1.726881	 -0.517517
1.726881	 -0.517517
1.726881	 -0.517517
1.726881	 -0.517517
1.726881	 -0.517517
1.726881	 -0.517517
1.726881	 -0.517517
1.726881	 -0.517517
1.726881	 -0.517517
1.727880	 -0.486066
1.727880	 -0.486066
1.727880	 -0.486066
1.727880	 -0.486066
1.727880	 -0.486066
1.727880	 -0.486066
1.727880	 -0.517499
1.727880	 -0.517499
1.727880	 -0.517499
1.727880	 -0.517499
1.727880	 -0.517499
1.727880	 -0.517499
1.727880	 -0.517499
1.727880	 -0.517499
1.727880	 -0.517499
1.727880	 -0.517499
1.723384	 -0.501782
1.723384	 -0.501782
1.723384	 -0.501782
1.723384	 -0.501782
1.723384	 -0.501782
1.723384	 -0.501782
1.727880	 -0.486066
1.727880	 -0.486066
1.727880	 -0.486066
1.727880	 -0.486066
1.727880	 -0.486066
1.727880	 -0.486066
1.723384	 -0.501782
1.723384	 -0.501782
1.723384	 -0.501782
1.723384	 -0.501782
1.723384	 -0.501782
1.723384	 -0.501782
1.727880	 -0.517499
1.727880	 -0.517499
1.727880	 -0.517499
1.727880	 -0.517499
1.727880	 -0.517499
1.727880	 -0.517499
1.727880	 -0.517499
1.723384	 -0.501782
1.723384	 -0.501782
1.723384	 -0.501782
1.723384	 -0.501782
1.723384	 -0.501782
1.723384	 -0.501782
1.723384	 -0.501782
1.723384	 -0.501782
1.723384	 -0.501782
1.723384	 -0.501782
1.723384	 -0.501782
1.723384	 -0.501782
1.723384	 -0.501782
1.723384	 -0.501782
1.723384	 -0.501782
1.723384	 -0.501782
1.723384	 -0.501782
1.723384	 -0.501782
1.723384	 -0.501782
1.723384	 -0.501782
1.723384	 -0.501782
1.723384	 -0.501782
1.723384	 -0.501782
1.723384	 -0.501782
1.723384	 -0.501782
1.723384	 -0.501782
1.723384	 -0.501782
1.723384	 -0.501782
1.723384	 -0.501782
1.723384	 -0.501782
1.723384	 -0.501782
1.723384	 -0.501782
1.723384	 -0.501782
1.723384	 -0.501782
1.719387	 -0.487670
1.719387	 -0.487670
1.719387	 -0.487670
1.719387	 -0.487670
1.719387	 -0.487670
1.719387	 -0.487670
1.723384	 -0.501782
1.723384	 -0.501782
1.723384	 -0.501782
1.723384	 -0.501782
1.723384	 -0.501782
1.723384	 -0.501782
1.723384	 -0.498271
1.723384	 -0.498271
1.723384	 -0.498271
1.723384	 -0.498271
1.723384	 -0.498271
1.723384	 -0.498271
1.723384	 -0.498271
1.724383	 -0.501782
1.724383	 -0.501782
1.724383	 -0.501782
1.724383	 -0.501782
1.724383	 -0.501782
1.724383	 -0.501782
1.724383	 -0.501782
1.724383	 -0.501782
1.724383	 -0.501782
1.724383	 -0.501782
1.724383	 -0.501782
1.724383	 -0.501782
1.724383	 -0.501782
1.724383	 -0.501782
1.724383	 -0.501782
1.724383	 -0.501782
1.724383	 -0.501782
1.724383	 -0.501782
1.724383	 -0.501782
1.724383	 -0.501782
1.724383	 -0.501782
1.724383	 -0.501782
1.724383	 -0.501782
1.724383	 -0.501782
1.724383	 -0.501782
1.724383	 -0.501782
1.724383	 -0.501782
1.724383	 -0.501782
1.724383	 -0.501782
1.724383	 -0.501782
1.724383	 -0.501782
1.724383	 -0.501782
1.724383	 -0.501782
1.724383	 -0.501782
1.724383	 -0.501782
1.724383	 -0.501782
1.724383	 -0.501782
1.724383	 -0.501782
1.724383	 -0.501782
1.724383	 -0.501782
1.724383	 -0.501782
1.724383	 -0.501782
1.724383	 -0.501782
1.724383	 -0.501782
1.724383	 -0.501782
1.724383	 -0.501782
1.724383	 -0.501782
1.724383	 -0.501782
1.724383	 -0.501782
1.724383	 -0.501782
1.724383	 -0.501782
1.724383	 -0.501782
1.724383	 -0.501782
1.724383	 -0.501782
1.724383	 -0.501782
1.724383	 -0.501782
1.724383	 -0.501782
1.724383	 -0.501782
1.724383	 -0.501782
1.724383	 -0.501782
1.724383	 -0.501782
1.724383	 -0.501782
1.724383	 -0.501782
1.724383	 -0.501782
1.724383	 -0.501782
1.722651	 -0.495743
1.722651	 -0.495743
1.722651	 -0.495743
1.722651	 -0.495743
1.722651	 -0.495743
1.722651	 -0.495743
1.722651	 -0.495743
1.722651	 -0.495743
1.722651	 -0.495743
1.722651	 -0.490368
1.722651	 -0.490368
1.722651	 -0.490368
1.722651	 -0.490368
1.722651	 -0.490368
1.722651	 -0.490368
1.723384	 -0.472091
1.723384	 -0.472091
1.723384	 -0.472091
1.723384	 -0.472091
1.723384	 -0.472091
1.723384	 -0.472091
1.593475	 0.283616
1.723983	 -0.460839
1.593475	 0.283616
1.723983	 -0.460839
1.593475	 0.283616
1.723983	 -0.460839
1.593475	 0.283616
1.723983	 -0.460839
1.593475	 0.283616
1.723983	 -0.460839
1.593475	 0.283616
1.723983	 -0.460839
1.593475	 0.283616
1.723983	 -0.460839
1.726381	 -0.449422
1.726381	 -0.449422
1.726381	 -0.449422
1.726381	 -0.449422
1.726381	 -0.449422
1.726381	 -0.449422
1.589477	 0.326381
1.720886	 -0.444295
1.589477	 0.326381
1.720886	 -0.444295
1.589477	 0.326381
1.720886	 -0.444295
1.589477	 0.326381
1.720886	 -0.444295
1.589477	 0.326381
1.720886	 -0.444295
1.589477	 0.326381
1.720886	 -0.444295
1.723983	 -0.417206
1.723983	 -0.417206
1.723983	 -0.417206
1.723983	 -0.417206
1.723983	 -0.417206
1.723983	 -0.417206
1.723650	 -0.398915
1.723650	 -0.398915
1.723650	 -0.398915
1.723650	 -0.398915
1.723650	 -0.398915
1.723650	 -0.398915
1.723650	 -0.398915
1.723650	 -0.398915
1.723650	 -0.398915
1.723650	 -0.398915
1.589977	 0.367932
1.723648	 -0.393536
1.589977	 0.367932
1.723648	 -0.393536
1.589977	 0.367932
1.723648	 -0.393536
1.589977	 0.367932
1.723648	 -0.393536
1.589977	 0.367932
1.723648	 -0.393536
1.589977	 0.367932
1.723648	 -0.393536
1.589477	 0.387468
1.724647	 -0.373574
1.589477	 0.387468
1.724647	 -0.373574
1.589477	 0.387468
1.724647	 -0.373574
1.589477	 0.387468
1.724647	 -0.373574
1.589477	 0.387468
1.724647	 -0.373574
1.589477	 0.387468
1.724647	 -0.373574
1.590477	 0.404900
1.724647	 -0.356121
1.590477	 0.404900
1.724647	 -0.356121
1.590477	 0.404900
1.724647	 -0.356121
1.590477	 0.404900
1.724647	 -0.356121
1.590477	 0.404900
1.724647	 -0.356121
1.590477	 0.404900
1.724647	 -0.356121
1.593475	 0.405789
1.723983	 -0.338666
1.593475	 0.405789
1.723983	 -0.338666
1.593475	 0.405789
1.723983	 -0.338666
1.593475	 0.405789
1.723983	 -0.338666
1.593475	 0.405789
1.723983	 -0.338666
1.593475	 0.405789
1.723983	 -0.338666
1.585480	 0.405789
1.715001	 -0.338647
1.585480	 0.405789
1.715001	 -0.338647
1.585480	 0.405789
1.715001	 -0.338647
1.585480	 0.405789
1.715001	 -0.338647
1.585480	 0.405789
1.715001	 -0.338647
1.585480	 0.405789
1.715001	 -0.338647
1.569990	 0.416642
1.703032	 -0.338622
1.569990	 0.416642
1.703032	 -0.338622
1.569990	 0.416642
1.703032	 -0.338622
1.569990	 0.416642
1.703032	 -0.338622
1.569990	 0.416642
1.703032	 -0.338622
1.569990	 0.416642
1.703032	 -0.338622
1.569990	 0.416642
1.703032	 -0.338622
1.569282	 0.400402
1.697402	 -0.353429
1.569282	 0.400402
1.697402	 -0.353429
1.569282	 0.400402
1.697402	 -0.353429
1.569282	 0.400402
1.697402	 -0.353429
1.569282	 0.400402
1.697402	 -0.353429
1.569282	 0.400402
1.697402	 -0.353429
1.575604	 0.383972
1.707395	 -0.367303
1.575604	 0.383972
1.707395	 -0.367303
1.575604	 0.383972
1.707395	 -0.367303
1.575604	 0.383972
1.707395	 -0.367303
1.575604	 0.383972
1.707395	 -0.367303
1.575604	 0.383972
1.707395	 -0.367303
1.575604	 0.383972
1.707395	 -0.367303
1.575604	 0.383972
1.707395	 -0.367303
1.575604	 0.383972
1.707395	 -0.367303
1.577985	 0.372987
1.704397	 -0.361648
1.577985	 0.372987
1.704397	 -0.361648
1.577985	 0.372987
1.704397	 -0.361648
1.577985	 0.372987
1.704397	 -0.361648
1.577985	 0.372987
1.704397	 -0.361648
1.577985	 0.372987
1.704397	 -0.361648
1.574487	 0.379067
1.703398	 -0.366756
1.574487	 0.379067
1.703398	 -0.366756
1.574487	 0.379067
1.703398	 -0.366756
1.574487	 0.379067
1.703398	 -0.366756
1.574487	 0.379067
1.703398	 -0.366756
1.574487	 0.379067
1.703398	 -0.366756
1.563994	 0.373026
1.695712	 -0.382239
1.563994	 0.373026
1.695712	 -0.382239
1.563994	 0.373026
1.695712	 -0.382239
1.563994	 0.373026
1.695712	 -0.382239
1.563994	 0.373026
1.695712	 -0.382239
1.563994	 0.373026
1.695712	 -0.382239
1.547505	 0.379609
1.679739	 -0.381319
1.547505	 0.379609
1.679739	 -0.381319
1.547505	 0.379609
1.679739	 -0.381319
1.547505	 0.379609
1.679739	 -0.381319
1.547505	 0.379609
1.679739	 -0.381319
1.547505	 0.379609
1.679739	 -0.381319
1.538011	 0.390554
1.663769	 -0.382166
1.538011	 0.390554
1.663769	 -0.382166
1.538011	 0.390554
1.663769	 -0.382166
1.538011	 0.390554
1.663769	 -0.382166
1.538011	 0.390554
1.663769	 -0.382166
1.538011	 0.390554
1.663769	 -0.382166
1.531686	 0.385155
1.663105	 -0.382165
1.531686	 0.385155
1.663105	 -0.382165
1.531686	 0.385155
1.663105	 -0.382165
1.531686	 0.385155
1.663105	 -0.382165
1.531686	 0.385155
1.663105	 -0.382165
1.531686	 0.385155
1.663105	 -0.382165
1.537008	 0.393769
1.666100	 -0.375870
1.537008	 0.393769
1.666100	 -0.375870
1.537008	 0.393769
1.666100	 -0.375870
1.537008	 0.393769
1.666100	 -0.375870
1.537008	 0.393769
1.666100	 -0.375870
1.537008	 0.393769
1.666100	 -0.375870
1.537008	 0.393769
1.666100	 -0.375870
1.537008	 0.393769
1.666100	 -0.375870
1.537008	 0.393769
1.666100	 -0.375870
1.537008	 0.393769
1.666100	 -0.375870
1.526365	 0.402512
1.656432	 -0.375800
1.526365	 0.402512
1.656432	 -0.375800
1.526365	 0.402512
1.656432	 -0.375800
1.526365	 0.402512
1.656432	 -0.375800
1.526365	 0.402512
1.656432	 -0.375800
1.526365	 0.402512
1.656432	 -0.375800
1.636161	 -0.382100
1.636161	 -0.382100
1.636161	 -0.382100
1.636161	 -0.382100
1.636161	 -0.382100
1.636161	 -0.382100
1.504065	 0.401426
1.630500	 -0.381143
1.504065	 0.401426
1.630500	 -0.381143
1.504065	 0.401426
1.630500	 -0.381143
1.504065	 0.401426
1.630500	 -0.381143
1.504065	 0.401426
1.630500	 -0.381143
1.504065	 0.401426
1.630500	 -0.381143
1.618527	 -0.392699
1.618527	 -0.392699
1.618527	 -0.392699
1.618527	 -0.392699
1.618527	 -0.392699
1.618527	 -0.392699
1.478111	 0.408990
1.604218	 -0.390746
1.478111	 0.408990
1.604218	 -0.390746
1.478111	 0.408990
1.604218	 -0.390746
1.478111	 0.408990
1.604218	 -0.390746
1.478111	 0.408990
1.604218	 -0.390746
1.478111	 0.408990
1.604218	 -0.390746
1.478111	 0.408990
1.604218	 -0.390746
1.470554	 0.414516
1.590577	 -0.394465
1.470554	 0.414516
1.590577	 -0.394465
1.470554	 0.414516
1.590577	 -0.394465
1.470554	 0.414516
1.590577	 -0.394465
1.470554	 0.414516
1.590577	 -0.394465
1.470554	 0.414516
1.590577	 -0.394465
1.465468	 0.428351
1.589910	 -0.390709
1.465468	 0.428351
1.589910	 -0.390709
1.465468	 0.428351
1.589910	 -0.390709
1.465468	 0.428351
1.589910	 -0.390709
1.465468	 0.428351
1.589910	 -0.390709
1.465468	 0.428351
1.589910	 -0.390709
1.586921	 -0.390701
1.586921	 -0.390701
1.586921	 -0.390701
1.586921	 -0.390701
1.586921	 -0.390701
1.586921	 -0.390701
1.586921	 -0.390701
1.586921	 -0.390701
1.586921	 -0.390701
1.451066	 0.440740
1.570286	 -0.389633
1.451066	 0.440740
1.570286	 -0.389633
1.451066	 0.440740
1.570286	 -0.389633
1.451066	 0.440740
1.570286	 -0.389633
1.451066	 0.440740
1.570286	 -0.389633
1.451066	 0.440740
1.570286	 -0.389633
1.555641	 -0.401426
1.555641	 -0.401426
1.555641	 -0.401426
1.555641	 -0.401426
1.555641	 -0.401426
1.555641	 -0.401426
1.555641	 -0.401426
1.549651	 -0.401426
1.549651	 -0.401426
1.549651	 -0.401426
1.549651	 -0.401426
1.549651	 -0.401426
1.549651	 -0.401426
1.539337	 -0.408020
1.539337	 -0.408020
1.539337	 -0.408020
1.539337	 -0.408020
1.539337	 -0.408020
1.539337	 -0.408020
1.412222	 0.437613
1.538671	 -0.410152
1.412222	 0.437613
1.538671	 -0.410152
1.412222	 0.437613
1.538671	 -0.410152
1.412222	 0.437613
1.538671	 -0.410152
1.412222	 0.437613
1.538671	 -0.410152
1.412222	 0.437613
1.538671	 -0.410152
1.524699	 -0.409084
1.524699	 -0.409084
1.524699	 -0.409084
1.524699	 -0.409084
1.524699	 -0.409084
1.524699	 -0.409084
1.524699	 -0.409084
1.513383	 -0.417773
1.513383	 -0.417773
1.513383	 -0.417773
1.513383	 -0.417773
1.513383	 -0.417773
1.513383	 -0.417773
1.513383	 -0.417773
1.513383	 -0.417773
1.513383	 -0.417773
1.505730	 -0.418879
1.505730	 -0.418879
1.505730	 -0.418879
1.505730	 -0.418879
1.505730	 -0.418879
1.505730	 -0.418879
1.494421	 -0.417743
1.494421	 -0.417743
1.494421	 -0.417743
1.494421	 -0.417743
1.494421	 -0.417743
1.494421	 -0.417743
1.478776	 -0.427606
1.478776	 -0.427606
1.478776	 -0.427606
1.478776	 -0.427606
1.478776	 -0.427606
1.478776	 -0.427606
1.478776	 -0.427606
1.471788	 -0.427606
1.471788	 -0.427606
1.471788	 -0.427606
1.471788	 -0.427606
1.471788	 -0.427606
1.471788	 -0.427606
1.458812	 -0.434778
1.458812	 -0.434778
1.458812	 -0.434778
1.458812	 -0.434778
1.458812	 -0.434778
1.458812	 -0.434778
1.448495	 -0.433905
1.448495	 -0.433905
1.448495	 -0.433905
1.448495	 -0.433905
1.448495	 -0.433905
1.448495	 -0.433905
1.441173	 -0.438786
1.441173	 -0.438786
1.441173	 -0.438786
1.441173	 -0.438786
1.441173	 -0.438786
1.441173	 -0.438786
1.430857	 -0.445059
1.430857	 -0.445059
1.430857	 -0.445059
1.430857	 -0.445059
1.430857	 -0.445059
1.430857	 -0.445059
1.430857	 -0.445059
1.430857	 -0.445059
1.430857	 -0.445059
1.430857	 -0.445059
1.421872	 -0.436332
1.421872	 -0.436332
1.421872	 -0.436332
1.421872	 -0.436332
1.421872	 -0.436332
1.421872	 -0.436332
1.292657	 0.484329
1.409228	 -0.436055
1.292657	 0.484329
1.409228	 -0.436055
1.292657	 0.484329
1.409228	 -0.436055
1.292657	 0.484329
1.409228	 -0.436055
1.292657	 0.484329
1.409228	 -0.436055
1.292657	 0.484329
1.409228	 -0.436055
1.406231	 -0.438917
1.406231	 -0.438917
1.406231	 -0.438917
1.406231	 -0.438917
1.406231	 -0.438917
1.406231	 -0.438917
1.406897	 -0.436332
1.406897	 -0.436332
1.406897	 -0.436332
1.406897	 -0.436332
1.406897	 -0.436332
1.406897	 -0.436332
1.406897	 -0.436332
1.396579	 -0.445059
1.396579	 -0.445059
1.396579	 -0.445059
1.396579	 -0.445059
1.396579	 -0.445059
1.396579	 -0.445059
1.388260	 -0.442403
1.388260	 -0.442403
1.388260	 -0.442403
1.388260	 -0.442403
1.388260	 -0.442403
1.388260	 -0.442403
1.379940	 -0.445059
1.379940	 -0.445059
1.379940	 -0.445059
1.379940	 -0.445059
1.379940	 -0.445059
1.379940	 -0.445059
1.379940	 -0.445059
1.379940	 -0.445059
1.379940	 -0.445059
1.373612	 -0.449422
1.373612	 -0.449422
1.373612	 -0.449422
1.373612	 -0.449422
1.373612	 -0.449422
1.373612	 -0.449422
1.373612	 -0.449422
1.364617	 -0.449422
1.364617	 -0.449422
1.364617	 -0.449422
1.364617	 -0.449422
1.364617	 -0.449422
1.364617	 -0.449422
1.352550	 -0.457649
1.352550	 -0.457649
1.352550	 -0.457649
1.352550	 -0.457649
1.352550	 -0.457649
1.352550	 -0.457649
1.350625	 -0.466799
1.350625	 -0.466799
1.350625	 -0.466799
1.350625	 -0.466799
1.350625	 -0.466799
1.350625	 -0.466799
1.337633	 -0.460967
1.337633	 -0.460967
1.337633	 -0.460967
1.337633	 -0.460967
1.337633	 -0.460967
1.337633	 -0.460967
1.337633	 -0.460967
1.332024	 -0.452377
1.332024	 -0.452377
1.332024	 -0.452377
1.332024	 -0.452377
1.332024	 -0.452377
1.332024	 -0.452377
1.322641	 -0.466876
1.322641	 -0.466876
1.322641	 -0.466876
1.322641	 -0.466876
1.322641	 -0.466876
1.322641	 -0.466876
1.313646	 -0.475602
1.313646	 -0.475602
1.313646	 -0.475602
1.313646	 -0.475602
1.313646	 -0.475602
1.313646	 -0.475602
1.313646	 -0.475602
1.313646	 -0.475602
1.313646	 -0.475602
1.313646	 -0.475602
1.314711	 -0.463581
1.314711	 -0.463581
1.314711	 -0.463581
1.314711	 -0.463581
1.314711	 -0.463581
1.314711	 -0.463581
1.313376	 -0.476980
1.313376	 -0.476980
1.313376	 -0.476980
1.313376	 -0.476980
1.313376	 -0.476980
1.313376	 -0.476980
1.305650	 -0.484329
1.305650	 -0.484329
1.305650	 -0.484329
1.305650	 -0.484329
1.305650	 -0.484329
1.305650	 -0.484329
1.294608	 -0.485617
1.294608	 -0.485617
1.294608	 -0.485617
1.294608	 -0.485617
1.294608	 -0.485617
1.294608	 -0.485617
1.294608	 -0.485617
1.296604	 -0.488692
1.296604	 -0.488692
1.296604	 -0.488692
1.296604	 -0.488692
1.296604	 -0.488692
1.296604	 -0.488692
1.287660	 -0.499444
1.287660	 -0.499444
1.287660	 -0.499444
1.287660	 -0.499444
1.287660	 -0.499444
1.287660	 -0.499444
1.284162	 -0.472873
1.284162	 -0.472873
1.284162	 -0.472873
1.284162	 -0.472873
1.284162	 -0.472873
1.284162	 -0.472873
1.284162	 -0.472873
1.284162	 -0.472873
1.284162	 -0.472873
1.274167	 -0.478934
1.274167	 -0.478934
1.274167	 -0.478934
1.274167	 -0.478934
1.274167	 -0.478934
1.274167	 -0.478934
1.274167	 -0.478934
1.270548	 -0.482246
1.270548	 -0.482246
1.270548	 -0.482246
1.270548	 -0.482246
1.270548	 -0.482246
1.270548	 -0.482246
1.270669	 -0.501782
1.270669	 -0.501782
1.270669	 -0.501782
1.270669	 -0.501782
1.270669	 -0.501782
1.270669	 -0.501782
1.275167	 -0.481180
1.275167	 -0.481180
1.275167	 -0.481180
1.275167	 -0.481180
1.275167	 -0.481180
1.275167	 -0.481180
1.270669	 -0.510509
1.270669	 -0.510509
1.270669	 -0.510509
1.270669	 -0.510509
1.270669	 -0.510509
1.270669	 -0.510509
1.269775	 -0.511667
1.269775	 -0.511667
1.269775	 -0.511667
1.269775	 -0.511667
1.269775	 -0.511667
1.269775	 -0.511667
1.260683	 -0.526851
1.260683	 -0.526851
1.260683	 -0.526851
1.260683	 -0.526851
1.260683	 -0.526851
1.260683	 -0.526851
1.260683	 -0.526851
1.260271	 -0.516428
1.260271	 -0.516428
1.260271	 -0.516428
1.260271	 -0.516428
1.260271	 -0.516428
1.260271	 -0.516428
1.260271	 -0.516428
1.260271	 -0.516428
1.260271	 -0.516428
1.261674	 -0.503847
1.261674	 -0.503847
1.261674	 -0.503847
1.261674	 -0.503847
1.261674	 -0.503847
1.261674	 -0.503847
1.262673	 -0.493056
1.262673	 -0.493056
1.262673	 -0.493056
1.262673	 -0.493056
1.262673	 -0.493056
1.262673	 -0.493056
1.260271	 -0.481522
1.260271	 -0.481522
1.260271	 -0.481522
1.260271	 -0.481522
1.260271	 -0.481522
1.260271	 -0.481522
1.260271	 -0.481522
1.257176	 -0.460842
1.257176	 -0.460842
1.257176	 -0.460842
1.257176	 -0.460842
1.257176	 -0.460842
1.257176	 -0.460842
1.252346	 -0.519235
1.252346	 -0.519235
1.252346	 -0.519235
1.252346	 -0.519235
1.252346	 -0.519235
1.252346	 -0.519235
1.244683	 -0.521113
1.244683	 -0.521113
1.244683	 -0.521113
1.244683	 -0.521113
1.244683	 -0.521113
1.244683	 -0.521113
1.243328	 -0.530837
1.243328	 -0.530837
1.243328	 -0.530837
1.243328	 -0.530837
1.243328	 -0.530837
1.243328	 -0.530837
1.237823	 -0.535435
1.237823	 -0.535435
1.237823	 -0.535435
1.237823	 -0.535435
1.237823	 -0.535435
1.237823	 -0.535435
1.237823	 -0.535435
1.239717	 -0.501692
1.239717	 -0.501692
1.239717	 -0.501692
1.239717	 -0.501692
1.239717	 -0.501692
1.239717	 -0.501692
0.910833	 1.470440
1.239228	 -0.483038
0.910833	 1.470440
1.239228	 -0.483038
0.910833	 1.470440
1.239228	 -0.483038
0.910833	 1.470440
1.239228	 -0.483038
0.910833	 1.470440
1.239228	 -0.483038
0.910833	 1.470440
1.239228	 -0.483038
0.910833	 1.470440
1.239228	 -0.483038
0.910833	 1.470440
1.239228	 -0.483038
0.910833	 1.470440
1.239228	 -0.483038
0.910833	 1.470440
1.239228	 -0.483038
1.235736	 -0.471239
1.235736	 -0.471239
1.235736	 -0.471239
1.235736	 -0.471239
1.235736	 -0.471239
1.235736	 -0.471239
1.235824	 -0.492085
1.235824	 -0.492085
1.235824	 -0.492085
1.235824	 -0.492085
1.235824	 -0.492085
1.235824	 -0.492085
1.237589	 -0.502382
1.237589	 -0.502382
1.237589	 -0.502382
1.237589	 -0.502382
1.237589	 -0.502382
1.237589	 -0.502382
1.234676	 -0.511566
1.234676	 -0.511566
1.234676	 -0.511566
1.234676	 -0.511566
1.234676	 -0.511566
1.234676	 -0.511566
1.234676	 -0.511566
1.235736	 -0.526990
1.235736	 -0.526990
1.235736	 -0.526990
1.235736	 -0.526990
1.235736	 -0.526990
1.235736	 -0.526990
0.911832	 1.435533
1.227753	 -0.523599
0.911832	 1.435533
1.227753	 -0.523599
0.911832	 1.435533
1.227753	 -0.523599
0.911832	 1.435533
1.227753	 -0.523599
0.911832	 1.435533
1.227753	 -0.523599
0.911832	 1.435533
1.227753	 -0.523599
0.911832	 1.435533
1.227753	 -0.523599
0.911832	 1.435533
1.227753	 -0.523599
0.911832	 1.435533
1.227753	 -0.523599
1.225040	 -0.528554
1.225040	 -0.528554
1.225040	 -0.528554
1.225040	 -0.528554
1.225040	 -0.528554
1.225040	 -0.528554
1.227753	 -0.523599
1.227753	 -0.523599
1.227753	 -0.523599
1.227753	 -0.523599
1.227753	 -0.523599
1.227753	 -0.523599
1.227753	 -0.523599
1.226416	 -0.517856
1.226416	 -0.517856
1.226416	 -0.517856
1.226416	 -0.517856
1.226416	 -0.517856
1.226416	 -0.517856
1.218771	 -0.523599
1.218771	 -0.523599
1.218771	 -0.523599
1.218771	 -0.523599
1.218771	 -0.523599
1.218771	 -0.523599
1.213014	 -0.519883
1.213014	 -0.519883
1.213014	 -0.519883
1.213014	 -0.519883
1.213014	 -0.519883
1.213014	 -0.519883
1.209790	 -0.523599
1.209790	 -0.523599
1.209790	 -0.523599
1.209790	 -0.523599
1.209790	 -0.523599
1.209790	 -0.523599
1.209790	 -0.523599
1.209790	 -0.532325
1.209790	 -0.532325
1.209790	 -0.532325
1.209790	 -0.532325
1.209790	 -0.532325
1.209790	 -0.532325
1.203870	 -0.512607
1.203870	 -0.512607
1.203870	 -0.512607
1.203870	 -0.512607
1.203870	 -0.512607
1.203870	 -0.512607
1.203870	 -0.512607
1.203870	 -0.512607
1.203870	 -0.512607
1.200872	 -0.528721
1.200872	 -0.528721
1.200872	 -0.528721
1.200872	 -0.528721
1.200872	 -0.528721
1.200872	 -0.528721
1.197815	 -0.533810
1.197815	 -0.533810
1.197815	 -0.533810
1.197815	 -0.533810
1.197815	 -0.533810
1.197815	 -0.533810
1.197815	 -0.533810
1.198706	 -0.530617
1.198706	 -0.530617
1.198706	 -0.530617
1.198706	 -0.530617
1.198706	 -0.530617
1.198706	 -0.530617
1.194003	 -0.547544
1.194003	 -0.547544
1.194003	 -0.547544
1.194003	 -0.547544
1.194003	 -0.547544
1.194003	 -0.547544
1.190330	 -0.553893
1.190330	 -0.553893
1.190330	 -0.553893
1.190330	 -0.553893
1.190330	 -0.553893
1.190330	 -0.553893
1.189556	 -0.535074
1.189556	 -0.535074
1.189556	 -0.535074
1.189556	 -0.535074
1.189556	 -0.535074
1.189556	 -0.535074
1.189556	 -0.535074
1.190022	 -0.545415
1.190022	 -0.545415
1.190022	 -0.545415
1.190022	 -0.545415
1.190022	 -0.545415
1.190022	 -0.545415
1.190022	 -0.545415
1.190022	 -0.545415
1.190022	 -0.545415
1.192326	 -0.524601
1.192326	 -0.524601
1.192326	 -0.524601
1.192326	 -0.524601
1.192326	 -0.524601
1.192326	 -0.524601
0.909829	 1.529939
1.187835	 -0.541052
0.909829	 1.529939
1.187835	 -0.541052
0.909829	 1.529939
1.187835	 -0.541052
0.909829	 1.529939
1.187835	 -0.541052
0.909829	 1.529939
1.187835	 -0.541052
0.909829	 1.529939
1.187835	 -0.541052
1.184898	 -0.537345
1.184898	 -0.537345
1.184898	 -0.537345
1.184898	 -0.537345
1.184898	 -0.537345
1.184898	 -0.537345
1.184898	 -0.537345
1.183344	 -0.536779
1.183344	 -0.536779
1.183344	 -0.536779
1.183344	 -0.536779
1.183344	 -0.536779
1.183344	 -0.536779
1.177545	 -0.545415
1.177545	 -0.545415
1.177545	 -0.545415
1.177545	 -0.545415
1.177545	 -0.545415
1.177545	 -0.545415
1.177545	 -0.545415
1.177545	 -0.545415
1.177545	 -0.545415
1.177545	 -0.545415
1.177545	 -0.545415
1.177545	 -0.545415
1.177197	 -0.544821
1.177197	 -0.544821
1.177197	 -0.544821
1.177197	 -0.544821
1.177197	 -0.544821
1.177197	 -0.544821
1.177197	 -0.544821
1.178901	 -0.541052
1.178901	 -0.541052
1.178901	 -0.541052
1.178901	 -0.541052
1.178901	 -0.541052
1.178901	 -0.541052
1.178901	 -0.541052
1.178901	 -0.541052
1.178901	 -0.541052
1.179716	 -0.544335
1.179716	 -0.544335
1.179716	 -0.544335
1.179716	 -0.544335
1.179716	 -0.544335
1.179716	 -0.544335
1.170869	 -0.541052
1.170869	 -0.541052
1.170869	 -0.541052
1.170869	 -0.541052
1.170869	 -0.541052
1.170869	 -0.541052
1.170869	 -0.541052
1.170869	 -0.541052
1.170869	 -0.541052
1.170869	 -0.541052
1.170869	 -0.541052
1.170869	 -0.541052
1.170869	 -0.541052
1.169248	 -0.541052
1.169248	 -0.541052
1.169248	 -0.541052
1.169248	 -0.541052
1.169248	 -0.541052
1.169248	 -0.541052
0.907834	 1.540253
1.171720	 -0.553169
0.907834	 1.540253
1.171720	 -0.553169
0.907834	 1.540253
1.171720	 -0.553169
0.907834	 1.540253
1.171720	 -0.553169
0.907834	 1.540253
1.171720	 -0.553169
0.907834	 1.540253
1.171720	 -0.553169
1.170869	 -0.553577
1.170869	 -0.553577
1.170869	 -0.553577
1.170869	 -0.553577
1.170869	 -0.553577
1.170869	 -0.553577
1.166378	 -0.536379
1.166378	 -0.536379
1.166378	 -0.536379
1.166378	 -0.536379
1.166378	 -0.536379
1.166378	 -0.536379
1.166378	 -0.536379
1.166378	 -0.536379
1.166378	 -0.536379
1.166378	 -0.536379
1.165585	 -0.544709
1.165585	 -0.544709
1.165585	 -0.544709
1.165585	 -0.544709
1.165585	 -0.544709
1.165585	 -0.544709
0.903336	 1.471982
1.162885	 -0.558505
0.903336	 1.471982
1.162885	 -0.558505
0.903336	 1.471982
1.162885	 -0.558505
0.903336	 1.471982
1.162885	 -0.558505
0.903336	 1.471982
1.162885	 -0.558505
0.903336	 1.471982
1.162885	 -0.558505
1.167376	 -0.558761
1.167376	 -0.558761
1.167376	 -0.558761
1.167376	 -0.558761
1.167376	 -0.558761
1.167376	 -0.558761
1.166378	 -0.563628
1.166378	 -0.563628
1.166378	 -0.563628
1.166378	 -0.563628
1.166378	 -0.563628
1.166378	 -0.563628
1.168322	 -0.594615
1.168322	 -0.594615
1.168322	 -0.594615
1.168322	 -0.594615
1.168322	 -0.594615
1.168322	 -0.594615
1.168322	 -0.594615
1.167376	 -0.602394
1.167376	 -0.602394
1.167376	 -0.602394
1.167376	 -0.602394
1.167376	 -0.602394
1.167376	 -0.602394
1.167376	 -0.611121
1.167376	 -0.611121
1.167376	 -0.611121
1.167376	 -0.611121
1.167376	 -0.611121
1.167376	 -0.611121
0.900837	 1.444260
1.171062	 -0.642169
0.900837	 1.444260
1.171062	 -0.642169
0.900837	 1.444260
1.171062	 -0.642169
0.900837	 1.444260
1.171062	 -0.642169
0.900837	 1.444260
1.171062	 -0.642169
0.900837	 1.444260
1.171062	 -0.642169
0.900837	 1.444260
1.171062	 -0.642169
0.900837	 1.444260
1.171062	 -0.642169
0.900837	 1.444260
1.171062	 -0.642169
1.167875	 -0.644134
1.167875	 -0.644134
1.167875	 -0.644134
1.167875	 -0.644134
1.167875	 -0.644134
1.167875	 -0.644134
1.167875	 -0.644134
1.172576	 -0.671952
1.172576	 -0.671952
1.172576	 -0.671952
1.172576	 -0.671952
1.172576	 -0.671952
1.172576	 -0.671952
1.162833	 -0.684687
1.162833	 -0.684687
1.162833	 -0.684687
1.162833	 -0.684687
1.162833	 -0.684687
1.162833	 -0.684687
1.022788	 0.493056
1.151408	 -0.680430
1.022788	 0.493056
1.151408	 -0.680430
1.022788	 0.493056
1.151408	 -0.680430
1.022788	 0.493056
1.151408	 -0.680430
1.022788	 0.493056
1.151408	 -0.680430
1.022788	 0.493056
1.151408	 -0.680430
1.141895	 -0.675144
1.141895	 -0.675144
1.141895	 -0.675144
1.141895	 -0.675144
1.141895	 -0.675144
1.141895	 -0.675144
1.141895	 -0.675144
1.147876	 -0.657163
1.147876	 -0.657163
1.147876	 -0.657163
1.147876	 -0.657163
1.147876	 -0.657163
1.147876	 -0.657163
1.146917	 -0.663225
1.146917	 -0.663225
1.146917	 -0.663225
1.146917	 -0.663225
1.146917	 -0.663225
1.146917	 -0.663225
1.146917	 -0.663225
1.146917	 -0.663225
1.146917	 -0.663225
1.146917	 -0.663225
1.146917	 -0.663225
1.146917	 -0.663225
1.146917	 -0.663225
1.146917	 -0.663225
1.146917	 -0.663225
1.137934	 -0.663225
1.137934	 -0.663225
1.137934	 -0.663225
1.137934	 -0.663225
1.137934	 -0.663225
1.137934	 -0.663225
1.137934	 -0.663225
1.122977	 -0.653286
1.122977	 -0.653286
1.122977	 -0.653286
1.122977	 -0.653286
1.122977	 -0.653286
1.122977	 -0.653286
1.111984	 -0.680678
1.111984	 -0.680678
1.111984	 -0.680678
1.111984	 -0.680678
1.111984	 -0.680678
1.111984	 -0.680678
1.101985	 -0.683777
1.101985	 -0.683777
1.101985	 -0.683777
1.101985	 -0.683777
1.101985	 -0.683777
1.101985	 -0.683777
1.098010	 -0.689478
1.098010	 -0.689478
1.098010	 -0.689478
1.098010	 -0.689478
1.098010	 -0.689478
1.098010	 -0.689478
1.095015	 -0.698132
1.095015	 -0.698132
1.095015	 -0.698132
1.095015	 -0.698132
1.095015	 -0.698132
1.095015	 -0.698132
1.095015	 -0.698132
1.079292	 -0.720895
1.079292	 -0.720895
1.079292	 -0.720895
1.079292	 -0.720895
1.079292	 -0.720895
1.079292	 -0.720895
1.079292	 -0.720895
1.079292	 -0.720895
1.079292	 -0.720895
1.067269	 -0.724644
1.067269	 -0.724644
1.067269	 -0.724644
1.067269	 -0.724644
1.067269	 -0.724644
1.067269	 -0.724644
1.059272	 -0.724717
1.059272	 -0.724717
1.059272	 -0.724717
1.059272	 -0.724717
1.059272	 -0.724717
1.059272	 -0.724717
1.059272	 -0.724717
1.057892	 -0.720873
1.057892	 -0.720873
1.057892	 -0.720873
1.057892	 -0.720873
1.057892	 -0.720873
1.057892	 -0.720873
1.054274	 -0.763289
1.054274	 -0.763289
1.054274	 -0.763289
1.054274	 -0.763289
1.054274	 -0.763289
1.054274	 -0.763289
1.037282	 -0.693821
1.037282	 -0.693821
1.037282	 -0.693821
1.037282	 -0.693821
1.037282	 -0.693821
1.037282	 -0.693821
1.023787	 -0.746128
1.023787	 -0.746128
1.023787	 -0.746128
1.023787	 -0.746128
1.023787	 -0.746128
1.023787	 -0.746128
1.023787	 -0.746128
0.892840	 0.632682
1.029296	 -0.724792
0.892840	 0.632682
1.029296	 -0.724792
0.892840	 0.632682
1.029296	 -0.724792
0.892840	 0.632682
1.029296	 -0.724792
0.892840	 0.632682
1.029296	 -0.724792
0.892840	 0.632682
1.029296	 -0.724792
0.892840	 0.632682
1.029296	 -0.724792
0.892840	 0.632682
1.029296	 -0.724792
0.892840	 0.632682
1.029296	 -0.724792
1.022656	 -0.746729
1.022656	 -0.746729
1.022656	 -0.746729
1.022656	 -0.746729
1.022656	 -0.746729
1.022656	 -0.746729
1.015791	 -0.772308
1.015791	 -0.772308
1.015791	 -0.772308
1.015791	 -0.772308
1.015791	 -0.772308
1.015791	 -0.772308
1.024143	 -0.776672
1.024143	 -0.776672
1.024143	 -0.776672
1.024143	 -0.776672
1.024143	 -0.776672
1.024143	 -0.776672
1.024143	 -0.776672
1.008294	 -0.767031
1.008294	 -0.767031
1.008294	 -0.767031
1.008294	 -0.767031
1.008294	 -0.767031
1.008294	 -0.767031
1.015791	 -0.763582
1.015791	 -0.763582
1.015791	 -0.763582
1.015791	 -0.763582
1.015791	 -0.763582
1.015791	 -0.763582
1.015791	 -0.763582
1.015791	 -0.763582
1.015791	 -0.763582
1.015791	 -0.763582
0.998798	 -0.772308
0.998798	 -0.772308
0.998798	 -0.772308
0.998798	 -0.772308
0.998798	 -0.772308
0.998798	 -0.772308
0.989202	 -0.785398
0.989202	 -0.785398
0.989202	 -0.785398
0.989202	 -0.785398
0.989202	 -0.785398
0.989202	 -0.785398
0.980805	 -0.789761
0.980805	 -0.789761
0.980805	 -0.789761
0.980805	 -0.789761
0.980805	 -0.789761
0.980805	 -0.789761
0.972809	 -0.807215
0.972809	 -0.807215
0.972809	 -0.807215
0.972809	 -0.807215
0.972809	 -0.807215
0.972809	 -0.807215
0.972809	 -0.807215
0.823968	 0.680678
0.963812	 -0.778344
0.823968	 0.680678
0.963812	 -0.778344
0.823968	 0.680678
0.963812	 -0.778344
0.823968	 0.680678
0.963812	 -0.778344
0.823968	 0.680678
0.963812	 -0.778344
0.823968	 0.680678
0.963812	 -0.778344
0.816309	 0.702167
0.956315	 -0.877626
0.816309	 0.702167
0.956315	 -0.877626
0.816309	 0.702167
0.956315	 -0.877626
0.816309	 0.702167
0.956315	 -0.877626
0.816309	 0.702167
0.956315	 -0.877626
0.816309	 0.702167
0.956315	 -0.877626
0.804870	 0.711222
0.951509	 -0.837758
0.804870	 0.711222
0.951509	 -0.837758
0.804870	 0.711222
0.951509	 -0.837758
0.804870	 0.711222
0.951509	 -0.837758
0.804870	 0.711222
0.951509	 -0.837758
0.804870	 0.711222
0.951509	 -0.837758
0.804870	 0.711222
0.951509	 -0.837758
0.804870	 0.711222
0.951509	 -0.837758
0.804870	 0.711222
0.951509	 -0.837758
0.799321	 0.702348
0.943320	 -0.836069
0.799321	 0.702348
0.943320	 -0.836069
0.799321	 0.702348
0.943320	 -0.836069
0.799321	 0.702348
0.943320	 -0.836069
0.799321	 0.702348
0.943320	 -0.836069
0.799321	 0.702348
0.943320	 -0.836069
0.802653	 0.727026
0.947319	 -0.805577
0.802653	 0.727026
0.947319	 -0.805577
0.802653	 0.727026
0.947319	 -0.805577
0.802653	 0.727026
0.947319	 -0.805577
0.802653	 0.727026
0.947319	 -0.805577
0.802653	 0.727026
0.947319	 -0.805577
0.796873	 0.676315
0.943820	 -0.877028
0.796873	 0.676315
0.943820	 -0.877028
0.796873	 0.676315
0.943820	 -0.877028
0.796873	 0.676315
0.943820	 -0.877028
0.796873	 0.676315
0.943820	 -0.877028
0.796873	 0.676315
0.943820	 -0.877028
0.796873	 0.676315
0.943820	 -0.877028
0.795994	 0.676205
0.942851	 -0.878403
0.795994	 0.676205
0.942851	 -0.878403
0.795994	 0.676205
0.942851	 -0.878403
0.795994	 0.676205
0.942851	 -0.878403
0.795994	 0.676205
0.942851	 -0.878403
0.795994	 0.676205
0.942851	 -0.878403
0.795873	 0.650135
0.949176	 -0.875269
0.795873	 0.650135
0.949176	 -0.875269
0.795873	 0.650135
0.949176	 -0.875269
0.795873	 0.650135
0.949176	 -0.875269
0.795873	 0.650135
0.949176	 -0.875269
0.795873	 0.650135
0.949176	 -0.875269
0.949514	 -0.890118
0.949514	 -0.890118
0.949514	 -0.890118
0.949514	 -0.890118
0.949514	 -0.890118
0.949514	 -0.890118
0.943820	 -0.885755
0.943820	 -0.885755
0.943820	 -0.885755
0.943820	 -0.885755
0.943820	 -0.885755
0.943820	 -0.885755
0.796373	 0.659012
0.946183	 -0.857660
0.796373	 0.659012
0.946183	 -0.857660
0.796373	 0.659012
0.946183	 -0.857660
0.796373	 0.659012
0.946183	 -0.857660
0.796373	 0.659012
0.946183	 -0.857660
0.796373	 0.659012
0.946183	 -0.857660
0.796373	 0.659012
0.946183	 -0.857660
0.796373	 0.659012
0.946183	 -0.857660
0.796373	 0.659012
0.946183	 -0.857660
0.796373	 0.659012
0.946183	 -0.857660
0.797373	 0.693596
0.944183	 -0.860958
0.797373	 0.693596
0.944183	 -0.860958
0.797373	 0.693596
0.944183	 -0.860958
0.797373	 0.693596
0.944183	 -0.860958
0.797373	 0.693596
0.944183	 -0.860958
0.797373	 0.693596
0.944183	 -0.860958
0.798373	 0.702301
0.798373	 0.702301
0.798373	 0.702301
0.798373	 0.702301
0.798373	 0.702301
0.798373	 0.702301
0.949318	 -0.805811
0.949318	 -0.805811
0.949318	 -0.805811
0.949318	 -0.805811
0.949318	 -0.805811
0.949318	 -0.805811
0.936859	 -0.827598
0.936859	 -0.827598
0.936859	 -0.827598
0.936859	 -0.827598
0.936859	 -0.827598
0.936859	 -0.827598
0.936859	 -0.827598
0.933824	 -0.877028
0.933824	 -0.877028
0.933824	 -0.877028
0.933824	 -0.877028
0.933824	 -0.877028
0.933824	 -0.877028
0.783673	 0.728951
0.933824	 -0.877028
0.783673	 0.728951
0.933824	 -0.877028
0.783673	 0.728951
0.933824	 -0.877028
0.783673	 0.728951
0.933824	 -0.877028
0.783673	 0.728951
0.933824	 -0.877028
0.783673	 0.728951
0.933824	 -0.877028
0.932221	 -0.884228
0.932221	 -0.884228
0.932221	 -0.884228
0.932221	 -0.884228
0.932221	 -0.884228
0.932221	 -0.884228
0.932221	 -0.884228
0.932221	 -0.884228
0.932221	 -0.884228
0.789999	 0.689405
0.933824	 -0.877028
0.789999	 0.689405
0.933824	 -0.877028
0.789999	 0.689405
0.933824	 -0.877028
0.789999	 0.689405
0.933824	 -0.877028
0.789999	 0.689405
0.933824	 -0.877028
0.789999	 0.689405
0.933824	 -0.877028
0.789999	 0.689405
0.933824	 -0.877028
0.790875	 0.685042
0.932230	 -0.883447
0.790875	 0.685042
0.932230	 -0.883447
0.790875	 0.685042
0.932230	 -0.883447
0.790875	 0.685042
0.932230	 -0.883447
0.790875	 0.685042
0.932230	 -0.883447
0.790875	 0.685042
0.932230	 -0.883447
0.787337	 0.693780
0.932294	 -0.872665
0.787337	 0.693780
0.932294	 -0.872665
0.787337	 0.693780
0.932294	 -0.872665
0.787337	 0.693780
0.932294	 -0.872665
0.787337	 0.693780
0.932294	 -0.872665
0.787337	 0.693780
0.932294	 -0.872665
0.784001	 0.706858
0.931397	 -0.877028
0.784001	 0.706858
0.931397	 -0.877028
0.784001	 0.706858
0.931397	 -0.877028
0.784001	 0.706858
0.931397	 -0.877028
0.784001	 0.706858
0.931397	 -0.877028
0.784001	 0.706858
0.931397	 -0.877028
0.923624	 -0.877028
0.923624	 -0.877028
0.923624	 -0.877028
0.923624	 -0.877028
0.923624	 -0.877028
0.923624	 -0.877028
0.918212	 -0.864854
0.918212	 -0.864854
0.918212	 -0.864854
0.918212	 -0.864854
0.918212	 -0.864854
0.918212	 -0.864854
0.757360	 0.737047
0.757360	 0.737047
0.757360	 0.737047
0.757360	 0.737047
0.757360	 0.737047
0.757360	 0.737047
0.757360	 0.737047
0.898230	 -0.910877
0.898230	 -0.910877
0.898230	 -0.910877
0.898230	 -0.910877
0.898230	 -0.910877
0.898230	 -0.910877
0.898230	 -0.910877
0.898230	 -0.910877
0.898230	 -0.910877
0.898564	 -0.907571
0.898564	 -0.907571
0.898564	 -0.907571
0.898564	 -0.907571
0.898564	 -0.907571
0.898564	 -0.907571
0.740374	 0.745545
0.898564	 -0.933751
0.740374	 0.745545
0.898564	 -0.933751
0.740374	 0.745545
0.898564	 -0.933751
0.740374	 0.745545
0.898564	 -0.933751
0.740374	 0.745545
0.898564	 -0.933751
0.740374	 0.745545
0.898564	 -0.933751
0.897898	 -0.928333
0.897898	 -0.928333
0.897898	 -0.928333
0.897898	 -0.928333
0.897898	 -0.928333
0.897898	 -0.928333
0.897898	 -0.928333
0.739891	 0.763582
0.898338	 -0.944806
0.739891	 0.763582
0.898338	 -0.944806
0.739891	 0.763582
0.898338	 -0.944806
0.739891	 0.763582
0.898338	 -0.944806
0.739891	 0.763582
0.898338	 -0.944806
0.739891	 0.763582
0.898338	 -0.944806
0.891689	 -0.904788
0.891689	 -0.904788
0.891689	 -0.904788
0.891689	 -0.904788
0.891689	 -0.904788
0.891689	 -0.904788
0.882956	 -0.893702
0.882956	 -0.893702
0.882956	 -0.893702
0.882956	 -0.893702
0.882956	 -0.893702
0.882956	 -0.893702
0.883206	 -0.904464
0.883206	 -0.904464
0.883206	 -0.904464
0.883206	 -0.904464
0.883206	 -0.904464
0.883206	 -0.904464
0.883206	 -0.904464
0.883206	 -0.904464
0.883206	 -0.904464
0.883206	 -0.904464
0.872256	 -0.937266
0.872256	 -0.937266
0.872256	 -0.937266
0.872256	 -0.937266
0.872256	 -0.937266
0.872256	 -0.937266
0.870730	 -0.951586
0.870730	 -0.951586
0.870730	 -0.951586
0.870730	 -0.951586
0.870730	 -0.951586
0.870730	 -0.951586
0.715898	 0.798488
0.875221	 -0.926202
0.715898	 0.798488
0.875221	 -0.926202
0.715898	 0.798488
0.875221	 -0.926202
0.715898	 0.798488
0.875221	 -0.926202
0.715898	 0.798488
0.875221	 -0.926202
0.715898	 0.798488
0.875221	 -0.926202
0.868230	 -0.968355
0.868230	 -0.968355
0.868230	 -0.968355
0.868230	 -0.968355
0.868230	 -0.968355
0.868230	 -0.968355
0.868230	 -0.968355
0.859852	 -1.014153
0.859852	 -1.014153
0.859852	 -1.014153
0.859852	 -1.014153
0.859852	 -1.014153
0.859852	 -1.014153
0.864850	 -0.964294
0.864850	 -0.964294
0.864850	 -0.964294
0.864850	 -0.964294
0.864850	 -0.964294
0.864850	 -0.964294
0.864597	 -0.951204
0.864597	 -0.951204
0.864597	 -0.951204
0.864597	 -0.951204
0.864597	 -0.951204
0.864597	 -0.951204
0.863739	 -0.946841
0.863739	 -0.946841
0.863739	 -0.946841
0.863739	 -0.946841
0.863739	 -0.946841
0.863739	 -0.946841
0.863739	 -0.946841
0.863739	 -0.946841
0.863739	 -0.946841
0.863739	 -0.946841
0.863490	 -0.930074
0.863490	 -0.930074
0.863490	 -0.930074
0.863490	 -0.930074
0.863490	 -0.930074
0.863490	 -0.930074
0.861739	 -0.946450
0.861739	 -0.946450
0.861739	 -0.946450
0.861739	 -0.946450
0.861739	 -0.946450
0.861739	 -0.946450
0.849019	 -0.918306
0.849019	 -0.918306
0.849019	 -0.918306
0.849019	 -0.918306
0.849019	 -0.918306
0.849019	 -0.918306
0.849019	 -0.918306
0.839359	 -0.974052
0.839359	 -0.974052
0.839359	 -0.974052
0.839359	 -0.974052
0.839359	 -0.974052
0.839359	 -0.974052
0.844952	 -0.991082
0.844952	 -0.991082
0.844952	 -0.991082
0.844952	 -0.991082
0.844952	 -0.991082
0.844952	 -0.991082
0.844952	 -0.991082
0.844952	 -0.991082
0.844952	 -0.991082
0.844952	 -0.991082
0.847613	 -1.012291
0.847613	 -1.012291
0.847613	 -1.012291
0.847613	 -1.012291
0.847613	 -1.012291
0.847613	 -1.012291
0.841620	 -1.046373
0.841620	 -1.046373
0.841620	 -1.046373
0.841620	 -1.046373
0.841620	 -1.046373
0.841620	 -1.046373
0.841620	 -1.046373
0.841470	 -1.019419
0.841470	 -1.019419
0.841470	 -1.019419
0.841470	 -1.019419
0.841470	 -1.019419
0.838955	 -0.964846
0.838955	 -0.964846
0.838955	 -0.964846
0.838955	 -0.964846
0.838955	 -0.964846
0.838955	 -0.964846
0.840032	 -0.966545
0.840032	 -0.966545
0.840032	 -0.966545
0.840032	 -0.966545
0.840032	 -0.966545
0.840032	 -0.966545
0.840032	 -0.966545
0.840032	 -0.966545
0.840032	 -0.966545
0.844524	 -0.940004
0.844524	 -0.940004
0.844524	 -0.940004
0.844524	 -0.940004
0.844524	 -0.940004
0.844524	 -0.940004
0.841619	 -0.968658
0.841619	 -0.968658
0.841619	 -0.968658
0.841619	 -0.968658
0.841619	 -0.968658
0.841619	 -0.968658
0.841619	 -0.977384
0.841619	 -0.977384
0.841619	 -0.977384
0.841619	 -0.977384
0.841619	 -0.977384
0.841619	 -0.977384
0.839859	 -0.999201
0.839859	 -0.999201
0.839859	 -0.999201
0.839859	 -0.999201
0.839859	 -0.999201
0.839859	 -0.999201
0.838538	 -0.996823
0.838538	 -0.996823
0.838538	 -0.996823
0.838538	 -0.996823
0.838538	 -0.996823
0.838538	 -0.996823
0.838538	 -0.996823
0.838538	 -0.996823
0.838538	 -0.996823
0.827967	 -1.029744
0.827967	 -1.029744
0.827967	 -1.029744
0.827967	 -1.029744
0.827967	 -1.029744
0.827967	 -1.029744
0.823864	 -1.034108
0.823864	 -1.034108
0.823864	 -1.034108
0.823864	 -1.034108
0.823864	 -1.034108
0.823864	 -1.034108
0.815310	 -1.030379
0.815310	 -1.030379
0.815310	 -1.030379
0.815310	 -1.030379
0.815310	 -1.030379
0.815310	 -1.030379
0.818309	 -0.976850
0.818309	 -0.976850
0.818309	 -0.976850
0.818309	 -0.976850
0.818309	 -0.976850
0.818309	 -0.976850
0.820641	 -1.012291
0.820641	 -1.012291
0.820641	 -1.012291
0.820641	 -1.012291
0.820641	 -1.012291
0.820641	 -1.012291
0.820641	 -1.012291
0.814826	 -1.026938
0.814826	 -1.026938
0.814826	 -1.026938
0.814826	 -1.026938
0.814826	 -1.026938
0.814826	 -1.026938
0.815976	 -1.055276
0.815976	 -1.055276
0.815976	 -1.055276
0.815976	 -1.055276
0.815976	 -1.055276
0.815976	 -1.055276
0.815976	 -1.055276
0.802871	 -1.060288
0.802871	 -1.060288
0.802871	 -1.060288
0.802871	 -1.060288
0.802871	 -1.060288
0.802871	 -1.060288
0.771348	 -1.108284
0.771348	 -1.108284
0.771348	 -1.108284
0.771348	 -1.108284
0.771348	 -1.108284
0.771348	 -1.108284
0.770881	 -1.112647
0.770881	 -1.112647
0.770881	 -1.112647
0.770881	 -1.112647
0.770881	 -1.112647
0.770881	 -1.112647
0.770881	 -1.112647
0.770881	 -1.112647
0.770881	 -1.112647
0.767882	 -1.230243
0.767882	 -1.230243
0.767882	 -1.230243
0.767882	 -1.230243
0.767882	 -1.230243
0.767882	 -1.230243
0.764688	 -1.099557
0.764688	 -1.099557
0.764688	 -1.099557
0.764688	 -1.099557
0.764688	 -1.099557
0.764688	 -1.099557
0.756386	 -1.139638
0.756386	 -1.139638
0.756386	 -1.139638
0.756386	 -1.139638
0.756386	 -1.139638
0.756386	 -1.139638
0.755886	 -1.138827
0.755886	 -1.138827
0.755886	 -1.138827
0.755886	 -1.138827
0.755886	 -1.138827
0.755886	 -1.138827
0.755886	 -1.138827
0.755886	 -1.138827
0.755886	 -1.138827
0.756386	 -1.138017
0.756386	 -1.138017
0.756386	 -1.138017
0.756386	 -1.138017
0.756386	 -1.138017
0.756386	 -1.138017
0.762666	 -1.181819
0.762666	 -1.181819
0.762666	 -1.181819
0.762666	 -1.181819
0.762666	 -1.181819
0.762666	 -1.181819
0.759171	 -1.224995
0.759171	 -1.224995
0.759171	 -1.224995
0.759171	 -1.224995
0.759171	 -1.224995
0.759171	 -1.224995
0.759693	 -1.229017
0.759693	 -1.229017
0.759693	 -1.229017
0.759693	 -1.229017
0.759693	 -1.229017
0.759693	 -1.229017
0.756616	 -1.166281
0.756616	 -1.166281
0.756616	 -1.166281
0.756616	 -1.166281
0.756616	 -1.166281
0.756616	 -1.166281
0.737376	 -1.168104
0.737376	 -1.168104
0.737376	 -1.168104
0.737376	 -1.168104
0.737376	 -1.168104
0.737376	 -1.168104
0.737376	 -1.168104
0.732893	 -1.356993
0.732893	 -1.356993
0.732893	 -1.356993
0.732893	 -1.356993
0.732893	 -1.356993
0.732893	 -1.356993
0.725395	 -1.402297
0.725395	 -1.402297
0.725395	 -1.402297
0.725395	 -1.402297
0.725395	 -1.402297
0.725395	 -1.402297
0.725395	 -1.402297
0.725395	 -1.402297
0.725395	 -1.402297
0.725395	 -1.402297
0.724896	 -1.365720
0.724896	 -1.365720
0.724896	 -1.365720
0.724896	 -1.365720
0.724896	 -1.365720
0.724896	 -1.365720
0.701902	 -1.409353
0.701902	 -1.409353
0.701902	 -1.409353
0.701902	 -1.409353
0.701902	 -1.409353
0.701902	 -1.409353
0.702902	 -1.461713
0.702902	 -1.461713
0.702902	 -1.461713
0.702902	 -1.461713
0.702902	 -1.461713
0.702902	 -1.461713
